0 2 has taken a fork
0 2 has taken a fork
0 2 is eating
0 300 2
0 2 
0 4 has taken a fork
0 4 has taken a fork
0 4 is eating
0 300 4
0 4 
0 5 has taken a fork
1 300 2
1 2 
1 300 4
1 4 
2 300 2
2 2 
2 300 4
2 4 
3 300 2
3 2 
3 300 4
3 4 
4 300 2
4 2 
4 300 4
4 4 
5 300 2
5 2 
5 300 4
5 4 
6 300 2
6 2 
6 300 4
6 4 
7 300 2
7 2 
7 300 4
7 4 
8 300 2
8 2 
8 300 4
8 4 
9 300 2
9 2 
9 300 4
9 4 
9 300 2
9 2 
10 300 4
10 4 
10 300 2
10 2 
10 300 4
10 4 
11 300 2
11 2 
11 300 4
11 4 
12 300 2
12 2 
12 300 4
12 4 
13 300 2
13 2 
13 300 4
13 4 
14 300 2
14 2 
14 300 4
14 4 
15 300 2
15 2 
15 300 4
15 4 
16 300 2
16 2 
16 300 4
16 4 
17 300 2
17 2 
17 300 4
17 4 
18 300 2
18 2 
18 300 4
18 4 
19 300 2
19 2 
19 300 4
19 4 
20 300 2
20 2 
20 300 4
20 4 
21 300 2
21 2 
21 300 4
21 4 
22 300 2
22 2 
22 300 4
22 4 
23 300 2
23 2 
23 300 4
23 4 
24 300 2
24 2 
24 300 4
24 4 
25 300 2
25 2 
25 300 4
25 4 
26 300 2
26 2 
26 300 4
26 4 
27 300 2
27 2 
27 300 4
27 4 
28 300 2
28 2 
28 300 4
28 4 
29 300 2
29 2 
29 300 4
29 4 
30 300 2
30 2 
30 300 4
30 4 
31 300 2
31 2 
31 300 4
31 4 
32 300 2
32 2 
32 300 4
32 4 
32 300 2
32 2 
32 300 4
32 4 
33 300 2
33 2 
33 300 4
33 4 
34 300 2
34 2 
34 300 4
34 4 
35 300 2
35 2 
35 300 4
35 4 
36 300 2
36 2 
36 300 4
36 4 
37 300 2
37 2 
37 300 4
37 4 
38 300 2
38 2 
38 300 4
38 4 
39 300 2
39 2 
39 300 4
39 4 
40 300 2
40 2 
40 300 4
40 4 
41 300 2
41 2 
41 300 4
41 4 
42 300 2
42 2 
42 300 4
42 4 
43 300 2
43 2 
43 300 4
43 4 
44 300 2
44 2 
44 300 4
44 4 
45 300 4
45 4 
45 300 2
45 2 
46 300 4
46 4 
46 300 2
46 2 
47 300 4
47 4 
47 300 2
47 2 
48 300 4
48 4 
48 300 2
48 2 
49 300 4
49 4 
49 300 2
49 2 
50 300 4
50 4 
50 300 2
50 2 
51 300 4
51 4 
51 300 2
51 2 
52 300 4
52 4 
52 300 2
52 2 
53 300 4
53 4 
53 300 2
53 2 
54 300 4
54 4 
54 300 2
54 2 
55 300 4
55 4 
55 300 2
55 2 
55 300 4
55 4 
55 300 2
55 2 
56 300 4
56 4 
56 300 2
56 2 
57 300 4
57 4 
57 300 2
57 2 
58 300 4
58 4 
58 300 2
58 2 
59 300 4
59 4 
59 300 2
59 2 
60 4 is sleeping
60 300 4
60 4 
60 5 has taken a fork
60 5 is eating
60 300 5
60 5 
60 3 has taken a fork
60 3 has taken a fork
60 3 is eating
60 300 3
60 3 
60 2 is sleeping
60 300 2
60 2 
60 1 has taken a fork
61 300 4
61 4 
61 300 5
61 5 
61 300 3
61 3 
61 300 2
61 2 
62 300 4
62 4 
62 300 5
62 5 
62 300 3
62 3 
62 300 2
62 2 
63 300 4
63 4 
63 300 5
63 5 
63 300 2
63 2 
63 300 3
63 3 
64 300 4
64 4 
64 300 5
64 5 
64 300 2
64 2 
64 300 3
64 3 
65 300 4
65 4 
65 300 5
65 5 
65 300 2
65 2 
65 300 3
65 3 
66 300 4
66 4 
66 300 5
66 5 
66 300 2
66 2 
66 300 3
66 3 
67 300 5
67 5 
67 300 4
67 4 
67 300 2
67 2 
67 300 3
67 3 
68 300 5
68 5 
68 300 4
68 4 
68 300 2
68 2 
68 300 3
68 3 
69 300 5
69 5 
69 300 4
69 4 
69 300 2
69 2 
69 300 3
69 3 
70 300 5
70 5 
70 300 4
70 4 
70 300 2
70 2 
70 300 3
70 3 
71 300 5
71 5 
71 300 4
71 4 
71 300 2
71 2 
71 300 3
71 3 
72 300 5
72 5 
72 300 4
72 4 
72 300 2
72 2 
72 300 3
72 3 
73 300 5
73 5 
73 300 4
73 4 
73 300 2
73 2 
73 300 3
73 3 
74 300 5
74 5 
74 300 4
74 4 
74 300 2
74 2 
74 300 3
74 3 
75 300 5
75 5 
75 300 4
75 4 
75 300 2
75 2 
75 300 3
75 3 
76 300 4
76 4 
76 300 5
76 5 
76 300 2
76 2 
76 300 3
76 3 
77 300 4
77 4 
77 300 5
77 5 
77 300 2
77 2 
77 300 3
77 3 
78 300 4
78 4 
78 300 5
78 5 
78 300 3
78 3 
78 300 2
78 2 
78 300 4
78 4 
78 300 5
78 5 
79 300 3
79 3 
79 300 2
79 2 
79 300 4
79 4 
79 300 5
79 5 
79 300 3
79 3 
79 300 2
79 2 
80 300 4
80 4 
80 300 5
80 5 
80 300 3
80 3 
80 300 2
80 2 
81 300 4
81 4 
81 300 5
81 5 
81 300 3
81 3 
81 300 2
81 2 
82 300 4
82 4 
82 300 5
82 5 
82 300 3
82 3 
82 300 2
82 2 
83 300 4
83 4 
83 300 5
83 5 
83 300 3
83 3 
83 300 2
83 2 
84 300 4
84 4 
84 300 5
84 5 
84 300 3
84 3 
84 300 2
84 2 
85 300 4
85 4 
85 300 5
85 5 
85 300 3
85 3 
85 300 2
85 2 
86 300 4
86 4 
86 300 5
86 5 
86 300 3
86 3 
86 300 2
86 2 
87 300 4
87 4 
87 300 5
87 5 
87 300 3
87 3 
87 300 2
87 2 
88 300 4
88 4 
88 300 5
88 5 
88 300 3
88 3 
88 300 2
88 2 
89 300 4
89 4 
89 300 5
89 5 
89 300 3
89 3 
89 300 2
89 2 
90 300 4
90 4 
90 300 5
90 5 
90 300 3
90 3 
90 300 2
90 2 
91 300 4
91 4 
91 300 5
91 5 
91 300 3
91 3 
91 300 2
91 2 
92 300 4
92 4 
92 300 5
92 5 
92 300 3
92 3 
92 300 2
92 2 
93 300 4
93 4 
93 300 5
93 5 
93 300 3
93 3 
93 300 2
93 2 
94 300 5
94 5 
94 300 4
94 4 
94 300 3
94 3 
94 300 2
94 2 
95 300 4
95 4 
95 300 5
95 5 
95 300 2
95 2 
95 300 3
95 3 
96 300 5
96 5 
96 300 4
96 4 
96 300 2
96 2 
96 300 3
96 3 
97 300 5
97 5 
97 300 3
97 3 
97 300 4
97 4 
97 300 2
97 2 
98 300 5
98 5 
98 300 4
98 4 
98 300 3
98 3 
98 300 2
98 2 
99 300 5
99 5 
99 300 4
99 4 
99 300 3
99 3 
99 300 2
99 2 
100 300 5
100 5 
100 300 4
100 4 
100 300 3
100 3 
100 300 2
100 2 
101 300 5
101 5 
101 300 4
101 4 
101 300 3
101 3 
101 300 2
101 2 
101 300 5
101 5 
102 300 4
102 4 
102 300 3
102 3 
102 300 2
102 2 
102 300 5
102 5 
102 300 4
102 4 
102 300 3
102 3 
102 300 2
103 2 
103 300 5
103 5 
103 300 4
103 4 
103 300 3
103 3 
103 300 2
103 2 
104 300 5
104 5 
104 300 4
104 4 
104 300 3
104 3 
104 300 2
104 2 
105 300 5
105 5 
105 300 4
105 4 
105 300 3
105 3 
105 300 2
105 2 
106 300 5
106 5 
106 300 4
106 4 
106 300 3
106 3 
106 300 2
106 2 
107 300 5
107 5 
107 300 3
107 3 
107 300 4
107 4 
107 300 2
107 2 
108 300 5
108 5 
108 300 3
108 3 
108 300 4
108 4 
108 300 2
108 2 
109 300 5
109 5 
109 300 3
109 3 
109 300 4
109 4 
109 300 2
109 2 
110 300 5
110 5 
110 300 4
110 4 
110 300 3
110 3 
110 300 2
110 2 
111 300 5
111 5 
111 300 4
111 4 
111 300 3
111 3 
111 300 2
111 2 
112 300 5
112 5 
112 300 4
112 4 
112 300 3
112 3 
112 300 2
112 2 
113 300 5
113 5 
113 300 4
113 4 
113 300 2
113 2 
113 300 3
113 3 
114 300 5
114 5 
114 300 4
114 4 
114 300 2
114 2 
114 300 3
114 3 
115 300 5
115 5 
115 300 4
115 4 
115 300 2
115 2 
115 300 3
115 3 
116 300 5
116 5 
116 300 4
116 4 
116 300 2
116 2 
116 300 3
116 3 
117 300 5
117 5 
117 300 4
117 4 
117 300 2
117 2 
117 300 3
117 3 
118 300 5
118 5 
118 300 4
118 4 
118 300 2
118 2 
118 300 3
118 3 
119 300 5
119 5 
119 300 4
119 4 
119 300 2
119 2 
119 300 3
119 3 
120 5 is sleeping
0 300 5
120 5 
120 300 4
120 4 
120 300 2
120 2 
120 3 is sleeping
0 300 3
120 3 
120 1 has taken a fork
120 1 is eating
120 300 1
120 1 
1 300 5
121 5 
121 300 4
121 4 
121 300 2
121 2 
1 300 3
121 3 
121 300 1
121 1 
2 300 5
122 5 
122 300 4
122 4 
122 300 2
122 2 
2 300 3
122 3 
122 300 1
122 1 
3 300 5
123 5 
123 300 4
123 4 
123 300 2
123 2 
3 300 3
123 3 
123 300 1
123 1 
4 300 5
124 5 
124 300 4
124 4 
124 300 2
124 2 
4 300 3
124 3 
124 300 1
124 1 
5 300 5
125 5 
125 300 4
125 4 
125 300 2
125 2 
5 300 3
125 3 
125 300 1
125 1 
6 300 5
126 5 
126 300 4
126 4 
126 300 2
126 2 
6 300 3
126 3 
126 300 1
126 1 
6 300 5
126 5 
126 300 4
126 4 
126 300 2
126 2 
7 300 3
127 3 
127 300 1
127 1 
7 300 5
127 5 
127 300 4
127 4 
127 300 2
127 2 
7 300 3
127 3 
128 300 1
128 1 
8 300 5
128 5 
128 300 4
128 4 
128 300 2
128 2 
8 300 3
128 3 
129 300 1
129 1 
9 300 5
129 5 
129 300 4
129 4 
129 300 2
129 2 
9 300 3
129 3 
130 300 1
130 1 
10 300 5
130 5 
130 300 4
130 4 
130 300 2
130 2 
10 300 3
130 3 
131 300 1
131 1 
131 300 4
131 4 
11 300 5
131 5 
131 300 2
131 2 
11 300 3
131 3 
132 300 4
132 4 
12 300 5
132 5 
132 300 2
132 2 
12 300 3
132 3 
132 300 1
132 1 
133 300 4
133 4 
13 300 5
133 5 
133 300 2
133 2 
13 300 3
133 3 
133 300 1
133 1 
134 300 4
134 4 
14 300 5
134 5 
134 300 2
134 2 
14 300 3
134 3 
134 300 1
134 1 
135 300 4
135 4 
135 300 2
135 2 
15 300 5
135 5 
15 300 3
135 3 
135 300 1
135 1 
136 300 4
136 4 
136 300 2
136 2 
16 300 5
136 5 
16 300 3
136 3 
136 300 1
136 1 
137 300 4
137 4 
137 300 2
137 2 
17 300 5
137 5 
17 300 3
137 3 
138 300 1
138 1 
138 300 4
138 4 
138 300 2
138 2 
18 300 5
138 5 
18 300 3
138 3 
139 300 1
139 1 
139 300 4
139 4 
139 300 2
139 2 
19 300 5
139 5 
19 300 3
139 3 
140 300 1
140 1 
140 300 4
140 4 
140 300 2
140 2 
20 300 5
140 5 
20 300 3
140 3 
140 300 1
140 1 
141 300 4
141 4 
141 300 2
141 2 
21 300 5
141 5 
21 300 3
141 3 
141 300 1
141 1 
142 300 4
142 4 
142 300 2
142 2 
22 300 5
142 5 
22 300 3
142 3 
142 300 1
142 1 
143 300 4
143 4 
143 300 2
143 2 
23 300 5
143 5 
23 300 3
143 3 
143 300 1
143 1 
144 300 4
144 4 
144 300 2
144 2 
24 300 5
144 5 
24 300 3
144 3 
144 300 1
144 1 
145 300 4
145 4 
145 300 2
145 2 
25 300 5
145 5 
25 300 3
145 3 
145 300 1
145 1 
146 300 4
146 4 
146 300 2
146 2 
26 300 5
146 5 
26 300 3
146 3 
146 300 1
146 1 
147 300 4
147 4 
147 300 2
147 2 
27 300 5
147 5 
27 300 3
147 3 
147 300 1
147 1 
148 300 4
148 4 
148 300 2
148 2 
28 300 5
148 5 
28 300 3
148 3 
148 300 1
148 1 
149 300 4
149 4 
149 300 2
149 2 
29 300 5
149 5 
29 300 3
149 3 
149 300 1
149 1 
149 300 4
149 4 
150 300 2
150 2 
30 300 5
150 5 
30 300 3
150 3 
150 300 1
150 1 
150 300 4
150 4 
150 300 2
150 2 
30 300 5
150 5 
31 300 3
151 3 
151 300 1
151 1 
151 300 4
151 4 
151 300 2
151 2 
31 300 5
151 5 
31 300 3
151 3 
152 300 1
152 1 
152 300 4
152 4 
152 300 2
152 2 
32 300 5
152 5 
32 300 3
152 3 
153 300 1
153 1 
153 300 4
153 4 
33 300 5
153 5 
153 300 2
153 2 
33 300 3
153 3 
154 300 1
154 1 
154 300 4
154 4 
34 300 5
154 5 
154 300 2
154 2 
34 300 3
154 3 
155 300 1
155 1 
155 300 4
155 4 
35 300 5
155 5 
155 300 2
155 2 
35 300 3
155 3 
156 300 1
156 1 
156 300 4
156 4 
36 300 5
156 5 
156 300 2
156 2 
36 300 3
156 3 
157 300 1
157 1 
157 300 4
157 4 
37 300 5
157 5 
157 300 2
157 2 
37 300 3
157 3 
158 300 1
158 1 
158 300 4
158 4 
38 300 5
158 5 
158 300 2
158 2 
38 300 3
158 3 
159 300 1
159 1 
159 300 4
159 4 
39 300 5
159 5 
159 300 2
159 2 
39 300 3
159 3 
160 300 1
160 1 
160 300 4
160 4 
40 300 5
160 5 
160 300 2
160 2 
40 300 3
160 3 
161 300 1
161 1 
161 300 4
161 4 
41 300 5
161 5 
161 300 2
161 2 
41 300 3
161 3 
162 300 1
162 1 
162 300 4
162 4 
42 300 5
162 5 
162 300 2
162 2 
42 300 3
162 3 
163 300 1
163 1 
163 300 4
163 4 
43 300 5
163 5 
163 300 2
163 2 
43 300 3
163 3 
163 300 1
163 1 
164 300 4
164 4 
44 300 5
164 5 
164 300 2
164 2 
44 300 3
164 3 
164 300 1
164 1 
165 300 4
165 4 
45 300 5
165 5 
165 300 2
165 2 
45 300 3
165 3 
165 300 1
165 1 
166 300 4
166 4 
46 300 5
166 5 
166 300 2
166 2 
46 300 3
166 3 
166 300 1
166 1 
167 300 4
167 4 
47 300 5
167 5 
167 300 2
167 2 
47 300 3
167 3 
167 300 1
167 1 
168 300 4
168 4 
48 300 5
168 5 
168 300 2
168 2 
48 300 3
168 3 
168 300 1
168 1 
169 300 4
169 4 
49 300 5
169 5 
169 300 2
169 2 
49 300 3
169 3 
169 300 1
169 1 
170 300 4
170 4 
50 300 5
170 5 
170 300 2
170 2 
50 300 3
170 3 
170 300 1
170 1 
171 300 4
171 4 
51 300 5
171 5 
171 300 2
171 2 
51 300 3
171 3 
171 300 1
171 1 
172 300 4
172 4 
52 300 5
172 5 
172 300 2
172 2 
52 300 3
172 3 
172 300 1
172 1 
173 300 4
173 4 
173 300 2
173 2 
53 300 5
173 5 
53 300 3
173 3 
173 300 1
173 1 
173 300 4
173 4 
173 300 2
173 2 
54 300 3
174 3 
54 300 5
174 5 
174 300 1
174 1 
174 300 4
174 4 
174 300 2
174 2 
55 300 3
175 3 
55 300 5
175 5 
175 300 1
175 1 
175 300 4
175 4 
175 300 2
175 2 
55 300 3
175 3 
56 300 5
176 5 
176 300 1
176 1 
176 300 4
176 4 
176 300 2
176 2 
56 300 3
176 3 
57 300 5
177 5 
177 300 1
177 1 
177 300 4
177 4 
177 300 2
177 2 
57 300 3
177 3 
58 300 5
178 5 
178 300 1
178 1 
178 300 4
178 4 
178 300 2
178 2 
58 300 3
178 3 
59 300 5
179 5 
179 300 1
179 1 
179 300 4
179 4 
179 300 2
179 2 
59 300 3
179 3 
60 300 5
180 5 
180 1 is sleeping
0 300 1
180 1 
180 300 4
180 4 
180 300 2
180 2 
60 300 3
180 3 
1 300 1
181 1 
61 300 5
181 5 
181 300 4
181 4 
181 300 2
181 2 
61 300 3
181 3 
2 300 1
182 1 
62 300 5
182 5 
182 300 4
182 4 
182 300 2
182 2 
62 300 3
182 3 
3 300 1
183 1 
63 300 5
183 5 
183 300 4
183 4 
183 300 2
183 2 
63 300 3
183 3 
4 300 1
184 1 
64 300 5
184 5 
184 300 4
184 4 
184 300 2
184 2 
64 300 3
184 3 
5 300 1
185 1 
185 300 4
185 4 
65 300 5
185 5 
185 300 2
185 2 
65 300 3
185 3 
6 300 1
186 1 
186 300 4
186 4 
186 300 2
186 2 
66 300 3
186 3 
66 300 5
186 5 
7 300 1
187 1 
187 300 4
187 4 
187 300 2
187 2 
67 300 3
187 3 
67 300 5
187 5 
7 300 1
187 1 
188 300 4
188 4 
188 300 2
188 2 
68 300 3
188 3 
68 300 5
188 5 
8 300 1
188 1 
189 300 4
189 4 
189 300 2
189 2 
69 300 3
189 3 
69 300 5
189 5 
9 300 1
189 1 
190 300 4
190 4 
190 300 2
190 2 
70 300 3
190 3 
70 300 5
190 5 
10 300 1
190 1 
191 300 4
191 4 
191 300 2
191 2 
71 300 3
191 3 
71 300 5
191 5 
11 300 1
191 1 
192 300 4
192 4 
192 300 2
192 2 
72 300 3
192 3 
72 300 5
192 5 
12 300 1
192 1 
193 300 4
193 4 
193 300 2
193 2 
73 300 3
193 3 
73 300 5
193 5 
13 300 1
193 1 
194 300 4
194 4 
194 300 2
194 2 
74 300 3
194 3 
74 300 5
194 5 
14 300 1
194 1 
195 300 4
195 4 
195 300 2
195 2 
75 300 3
195 3 
75 300 5
195 5 
15 300 1
195 1 
196 300 4
196 4 
196 300 2
196 2 
76 300 3
196 3 
76 300 5
196 5 
16 300 1
196 1 
196 300 4
196 4 
197 300 2
197 2 
77 300 3
197 3 
77 300 5
197 5 
17 300 1
197 1 
197 300 4
197 4 
197 300 2
197 2 
78 300 3
198 3 
78 300 5
198 5 
18 300 1
198 1 
198 300 4
198 4 
198 300 2
198 2 
78 300 3
198 3 
79 300 5
199 5 
19 300 1
199 1 
199 300 4
199 4 
199 300 2
199 2 
79 300 3
199 3 
80 300 5
200 5 
20 300 1
200 1 
200 300 4
200 4 
200 300 2
200 2 
80 300 3
200 3 
81 300 5
201 5 
21 300 1
201 1 
201 300 4
201 4 
201 300 2
201 2 
81 300 3
201 3 
82 300 5
202 5 
22 300 1
202 1 
202 300 4
202 4 
202 300 2
202 2 
82 300 3
202 3 
83 300 5
203 5 
23 300 1
203 1 
203 300 2
203 2 
203 300 4
203 4 
83 300 3
203 3 
84 300 5
204 5 
24 300 1
204 1 
204 300 2
204 2 
204 300 4
204 4 
84 300 3
204 3 
85 300 5
205 5 
25 300 1
205 1 
205 300 2
205 2 
205 300 4
205 4 
85 300 3
205 3 
86 300 5
206 5 
26 300 1
206 1 
206 300 2
206 2 
206 300 4
206 4 
86 300 3
206 3 
86 300 5
206 5 
27 300 1
207 1 
207 300 2
207 2 
207 300 4
207 4 
87 300 3
207 3 
87 300 5
207 5 
28 300 1
208 1 
208 300 2
208 2 
208 300 4
208 4 
88 300 3
208 3 
88 300 5
208 5 
29 300 1
209 1 
209 300 2
209 2 
209 300 4
209 4 
89 300 3
209 3 
89 300 5
209 5 
30 300 1
210 1 
210 300 2
210 2 
210 300 4
210 4 
90 300 3
210 3 
90 300 5
210 5 
30 300 1
210 1 
211 300 2
211 2 
211 300 4
211 4 
91 300 3
211 3 
91 300 5
211 5 
31 300 1
211 1 
212 300 2
212 2 
212 300 4
212 4 
92 300 3
212 3 
92 300 5
212 5 
32 300 1
212 1 
213 300 4
213 4 
213 300 2
213 2 
93 300 3
213 3 
93 300 5
213 5 
33 300 1
213 1 
214 300 4
214 4 
214 300 2
214 2 
94 300 3
214 3 
94 300 5
214 5 
34 300 1
214 1 
215 300 4
215 4 
215 300 2
215 2 
95 300 3
215 3 
95 300 5
215 5 
35 300 1
215 1 
216 300 4
216 4 
216 300 2
216 2 
96 300 3
216 3 
96 300 5
216 5 
36 300 1
216 1 
217 300 4
217 4 
217 300 2
217 2 
97 300 3
217 3 
97 300 5
217 5 
37 300 1
217 1 
218 300 4
218 4 
218 300 2
218 2 
98 300 3
218 3 
98 300 5
218 5 
38 300 1
218 1 
219 300 4
219 4 
219 300 2
219 2 
99 300 3
219 3 
99 300 5
219 5 
39 300 1
219 1 
219 300 4
219 4 
219 300 2
219 2 
100 300 3
220 3 
100 300 5
220 5 
40 300 1
220 1 
220 300 4
220 4 
220 300 2
220 2 
101 300 3
221 3 
101 300 5
221 5 
41 300 1
221 1 
221 300 4
221 4 
221 300 2
221 2 
101 300 3
221 3 
102 300 5
222 5 
42 300 1
222 1 
222 300 4
222 4 
222 300 2
222 2 
102 300 3
222 3 
103 300 5
223 5 
43 300 1
223 1 
223 300 4
223 4 
223 300 2
223 2 
103 300 3
223 3 
104 300 5
224 5 
44 300 1
224 1 
224 300 4
224 4 
224 300 2
224 2 
104 300 3
224 3 
105 300 5
225 5 
45 300 1
225 1 
225 300 4
225 4 
225 300 2
225 2 
105 300 3
225 3 
106 300 5
226 5 
46 300 1
226 1 
226 300 4
226 4 
226 300 2
226 2 
106 300 3
226 3 
107 300 5
227 5 
47 300 1
227 1 
227 300 4
227 4 
227 300 2
227 2 
107 300 3
227 3 
107 300 5
227 5 
48 300 1
228 1 
228 300 4
228 4 
228 300 2
228 2 
108 300 3
228 3 
108 300 5
228 5 
49 300 1
229 1 
229 300 4
229 4 
229 300 2
229 2 
109 300 3
229 3 
109 300 5
229 5 
50 300 1
230 1 
230 300 4
230 4 
230 300 2
230 2 
110 300 3
230 3 
110 300 5
230 5 
51 300 1
231 1 
231 300 4
231 4 
231 300 2
231 2 
111 300 3
231 3 
111 300 5
231 5 
52 300 1
232 1 
232 300 4
232 4 
232 300 2
232 2 
112 300 3
232 3 
112 300 5
232 5 
53 300 1
233 1 
233 300 4
233 4 
233 300 2
233 2 
113 300 3
233 3 
113 300 5
233 5 
54 300 1
234 1 
234 300 4
234 4 
234 300 2
234 2 
114 300 3
234 3 
114 300 5
234 5 
54 300 1
234 1 
235 300 4
235 4 
235 300 2
235 2 
115 300 3
235 3 
115 300 5
235 5 
55 300 1
235 1 
236 300 4
236 4 
236 300 2
236 2 
116 300 3
236 3 
116 300 5
236 5 
56 300 1
236 1 
237 300 4
237 4 
237 300 2
237 2 
117 300 3
237 3 
117 300 5
237 5 
57 300 1
237 1 
238 300 4
238 4 
238 300 2
238 2 
118 300 3
238 3 
118 300 5
238 5 
58 300 1
238 1 
239 300 4
239 4 
239 300 2
239 2 
119 300 3
239 3 
119 300 5
239 5 
59 300 1
239 1 
240 300 4
240 4 
240 300 2
240 2 
120 300 3
240 3 
120 300 5
240 5 
60 300 1
240 1 
241 300 4
241 4 
241 300 2
241 2 
121 300 3
241 3 
121 300 5
241 5 
61 300 1
241 1 
242 300 4
242 4 
242 300 2
242 2 
122 300 3
242 3 
122 300 5
242 5 
62 300 1
242 1 
242 300 4
242 4 
242 300 2
242 2 
123 300 3
243 3 
123 300 5
243 5 
63 300 1
243 1 
243 300 4
243 4 
243 300 2
243 2 
124 300 3
244 3 
124 300 5
244 5 
64 300 1
244 1 
244 300 4
244 4 
244 300 2
244 2 
125 300 3
245 3 
125 300 5
245 5 
65 300 1
245 1 
245 300 4
245 4 
245 300 2
245 2 
125 300 3
245 3 
126 300 5
246 5 
66 300 1
246 1 
246 300 4
246 4 
246 300 2
246 2 
126 300 3
246 3 
127 300 5
247 5 
67 300 1
247 1 
247 300 4
247 4 
247 300 2
247 2 
127 300 3
247 3 
127 300 5
247 5 
68 300 1
248 1 
248 300 4
248 4 
248 300 2
248 2 
128 300 3
248 3 
128 300 5
248 5 
69 300 1
249 1 
249 300 4
249 4 
249 300 2
249 2 
129 300 3
249 3 
129 300 5
249 5 
70 300 1
250 1 
250 300 4
250 4 
250 300 2
250 2 
130 300 3
250 3 
130 300 5
250 5 
71 300 1
251 1 
251 300 4
251 4 
251 300 2
251 2 
131 300 3
251 3 
131 300 5
251 5 
72 300 1
252 1 
252 300 4
252 4 
252 300 2
252 2 
132 300 3
252 3 
132 300 5
252 5 
73 300 1
253 1 
253 300 4
253 4 
253 300 2
253 2 
133 300 3
253 3 
133 300 5
253 5 
74 300 1
254 1 
254 300 4
254 4 
254 300 2
254 2 
134 300 3
254 3 
134 300 5
254 5 
75 300 1
255 1 
255 300 4
255 4 
255 300 2
255 2 
135 300 3
255 3 
135 300 5
255 5 
76 300 1
256 1 
256 300 4
256 4 
256 300 2
256 2 
136 300 5
256 5 
136 300 3
256 3 
77 300 1
257 1 
257 300 4
257 4 
257 300 2
257 2 
137 300 5
257 5 
137 300 3
257 3 
77 300 1
257 1 
258 300 4
258 4 
258 300 2
258 2 
138 300 5
258 5 
138 300 3
258 3 
78 300 1
258 1 
259 300 4
259 4 
259 300 2
259 2 
139 300 5
259 5 
139 300 3
259 3 
79 300 1
259 1 
260 300 4
260 4 
260 300 2
260 2 
140 300 5
260 5 
140 300 3
260 3 
80 300 1
260 1 
261 300 4
261 4 
261 300 2
261 2 
141 300 5
261 5 
81 300 1
261 1 
141 300 3
261 3 
262 300 4
262 4 
262 300 2
262 2 
142 300 5
262 5 
82 300 1
262 1 
142 300 3
262 3 
263 300 4
263 4 
263 300 2
263 2 
143 300 5
263 5 
83 300 1
263 1 
143 300 3
263 3 
264 300 4
264 4 
264 300 2
264 2 
144 300 5
264 5 
84 300 1
264 1 
144 300 3
264 3 
265 300 4
265 4 
265 300 2
265 2 
145 300 5
265 5 
85 300 1
265 1 
145 300 3
265 3 
265 300 4
265 4 
266 300 2
266 2 
146 300 5
266 5 
86 300 1
266 1 
146 300 3
266 3 
266 300 4
266 4 
266 300 2
266 2 
147 300 5
267 5 
87 300 1
267 1 
147 300 3
267 3 
267 300 4
267 4 
267 300 2
267 2 
148 300 5
268 5 
88 300 1
268 1 
268 300 4
268 4 
268 300 2
268 2 
148 300 3
268 3 
149 300 5
269 5 
89 300 1
269 1 
269 300 4
269 4 
269 300 2
269 2 
149 300 3
269 3 
150 300 5
270 5 
90 300 1
270 1 
270 300 4
270 4 
270 300 2
270 2 
150 300 3
270 3 
151 300 5
271 5 
91 300 1
271 1 
271 300 4
271 4 
271 300 2
271 2 
151 300 3
271 3 
152 300 5
272 5 
92 300 1
272 1 
272 300 4
272 4 
272 300 2
272 2 
152 300 3
272 3 
153 300 5
273 5 
93 300 1
273 1 
273 300 4
273 4 
273 300 2
273 2 
153 300 3
273 3 
154 300 5
274 5 
94 300 1
274 1 
274 300 4
274 4 
274 300 2
274 2 
154 300 3
274 3 
155 300 5
275 5 
95 300 1
275 1 
275 300 4
275 4 
275 300 2
275 2 
155 300 3
275 3 
156 300 5
276 5 
96 300 1
276 1 
276 300 4
276 4 
276 300 2
276 2 
156 300 3
276 3 
157 300 5
277 5 
97 300 1
277 1 
277 300 4
277 4 
277 300 2
277 2 
157 300 3
277 3 
98 300 1
278 1 
158 300 5
278 5 
278 300 4
278 4 
278 300 2
278 2 
158 300 3
278 3 
99 300 1
279 1 
159 300 5
279 5 
279 300 4
279 4 
279 300 2
279 2 
159 300 3
279 3 
100 300 1
280 1 
160 300 5
280 5 
280 300 4
280 4 
280 300 2
280 2 
160 300 3
280 3 
100 300 1
280 1 
161 300 5
281 5 
281 300 4
281 4 
281 300 2
281 2 
161 300 3
281 3 
101 300 1
281 1 
162 300 5
282 5 
282 300 4
282 4 
282 300 2
282 2 
162 300 3
282 3 
102 300 1
282 1 
283 300 4
283 4 
163 300 5
283 5 
283 300 2
283 2 
163 300 3
283 3 
103 300 1
283 1 
284 300 4
284 4 
164 300 5
284 5 
284 300 2
284 2 
164 300 3
284 3 
104 300 1
284 1 
285 300 4
285 4 
165 300 5
285 5 
285 300 2
285 2 
165 300 3
285 3 
105 300 1
285 1 
286 300 4
286 4 
166 300 5
286 5 
286 300 2
286 2 
166 300 3
286 3 
106 300 1
286 1 
287 300 4
287 4 
167 300 5
287 5 
287 300 2
287 2 
167 300 3
287 3 
107 300 1
287 1 
288 300 4
288 4 
168 300 5
288 5 
288 300 2
288 2 
168 300 3
288 3 
108 300 1
288 1 
289 300 4
289 4 
169 300 5
289 5 
289 300 2
289 2 
169 300 3
289 3 
109 300 1
289 1 
289 300 4
289 4 
289 300 2
289 2 
169 300 5
289 5 
170 300 3
290 3 
110 300 1
290 1 
290 300 4
290 4 
290 300 2
290 2 
170 300 5
290 5 
170 300 3
290 3 
111 300 1
291 1 
291 300 4
291 4 
291 300 2
291 2 
171 300 5
291 5 
171 300 3
291 3 
112 300 1
292 1 
292 300 4
292 4 
292 300 2
292 2 
172 300 5
292 5 
172 300 3
292 3 
113 300 1
293 1 
293 300 4
293 4 
293 300 2
293 2 
173 300 5
293 5 
173 300 3
293 3 
114 300 1
294 1 
294 300 4
294 4 
294 300 2
294 2 
174 300 5
294 5 
174 300 3
294 3 
115 300 1
295 1 
295 300 4
295 4 
295 300 2
295 2 
175 300 5
295 5 
175 300 3
295 3 
116 300 1
296 1 
296 300 4
296 4 
296 300 2
296 2 
176 300 5
296 5 
176 300 3
296 3 
117 300 1
297 1 
297 300 4
297 4 
297 300 2
297 2 
177 300 5
297 5 
177 300 3
297 3 
118 300 1
298 1 
298 300 4
298 4 
298 300 2
298 2 
178 300 5
298 5 
178 300 3
298 3 
119 300 1
299 1 
299 300 4
299 4 
299 300 2
299 2 
179 300 5
299 5 
179 300 3
299 3 
120 300 1
300 1 
300 300 4
300 4 
300 300
300 
300 4 died
300 300 2
300 2 
300 300
300 
180 300 5
300 5 
180 300 3
300 3 
121 300 1
301 1 
301 300 4
301 4 
301 300
301 
301 300 2
301 2 
301 300
301 
181 300 5
301 5 
181 300 3
301 3 
122 300 1
302 1 
302 300 4
302 4 
302 300
302 
302 300 2
302 2 
302 300
302 
182 300 5
302 5 
182 300 3
302 3 
123 300 1
303 1 
303 300 4
303 4 
303 300
303 
303 300 2
303 2 
303 300
303 
183 300 5
303 5 
183 300 3
303 3 
123 300 1
303 1 
304 300 4
304 4 
304 300
304 
304 300 2
304 2 
304 300
304 
184 300 5
304 5 
184 300 3
304 3 
124 300 1
304 1 
305 300 4
305 4 
305 300
305 
305 300 2
305 2 
305 300
305 
185 300 5
305 5 
185 300 3
305 3 
125 300 1
305 1 
306 300 4
306 4 
306 300
306 
306 300 2
306 2 
306 300
306 
186 300 5
306 5 
186 300 3
306 3 
126 300 1
306 1 
307 300 4
307 4 
307 300
307 
307 300 2
307 2 
307 300
307 
187 300 5
307 5 
187 300 3
307 3 
127 300 1
307 1 
308 300 4
308 4 
308 300
308 
308 300 2
308 2 
308 300
308 
188 300 5
308 5 
188 300 3
308 3 
128 300 1
308 1 
309 300 4
309 4 
309 300
309 
309 300 2
309 2 
309 300
309 
189 300 5
309 5 
189 300 3
309 3 
129 300 1
309 1 
310 300 4
310 4 
310 300
310 
310 300 2
310 2 
190 300 5
310 5 
310 300
310 
190 300 3
310 3 
130 300 1
310 1 
311 300 4
311 4 
311 300
311 
191 300 5
311 5 
311 300 2
311 2 
311 300
311 
191 300 3
311 3 
131 300 1
311 1 
312 300 4
312 4 
312 300
312 
192 300 5
312 5 
312 300 2
312 2 
312 300
312 
192 300 3
312 3 
132 300 1
312 1 
312 300 4
312 4 
312 300
312 
192 300 5
312 5 
312 300 2
312 2 
312 300
312 
193 300 3
313 3 
133 300 1
313 1 
313 300 4
313 4 
313 300
313 
193 300 5
313 5 
313 300 2
313 2 
313 300
313 
194 300 3
314 3 
134 300 1
314 1 
314 300 4
314 4 
314 300
314 
194 300 5
314 5 
314 300 2
314 2 
314 300
314 
194 300 3
314 3 
135 300 1
315 1 
315 300 4
315 4 
315 300
315 
195 300 5
315 5 
315 300 2
315 2 
315 300
315 
195 300 3
315 3 
136 300 1
316 1 
316 300 4
316 4 
316 300
316 
196 300 5
316 5 
316 300 2
316 2 
316 300
316 
196 300 3
316 3 
137 300 1
317 1 
317 300 4
317 4 
317 300
317 
197 300 5
317 5 
317 300 2
317 2 
317 300
317 
197 300 3
317 3 
138 300 1
318 1 
318 300 4
318 4 
318 300
318 
198 300 5
318 5 
318 300 2
318 2 
318 300
318 
198 300 3
318 3 
139 300 1
319 1 
319 300 4
319 4 
319 300
319 
319 300 2
319 2 
199 300 5
319 5 
319 300
319 
199 300 3
319 3 
140 300 1
320 1 
320 300 4
320 4 
320 300
320 
200 300 5
320 5 
320 300 2
320 2 
320 300
320 
200 300 3
320 3 
141 300 1
321 1 
321 300 4
321 4 
321 300
321 
201 300 5
321 5 
321 300 2
321 2 
321 300
321 
201 300 3
321 3 
142 300 1
322 1 
322 300 4
322 4 
322 300
322 
202 300 5
322 5 
322 300 2
322 2 
322 300
322 
202 300 3
322 3 
143 300 1
323 1 
323 300 4
323 4 
323 300
323 
203 300 5
323 5 
323 300 2
323 2 
323 300
323 
203 300 3
323 3 
144 300 1
324 1 
324 300 4
324 4 
324 300
324 
204 300 5
324 5 
324 300 2
324 2 
324 300
324 
204 300 3
324 3 
145 300 1
325 1 
325 300 4
325 4 
325 300
325 
205 300 5
325 5 
325 300 2
325 2 
325 300
325 
205 300 3
325 3 
146 300 1
326 1 
206 300 5
326 5 
326 300 4
326 4 
326 300
326 
326 300 2
326 2 
326 300
326 
206 300 3
326 3 
147 300 1
327 1 
207 300 5
327 5 
327 300 4
327 4 
327 300
327 
327 300 2
327 2 
327 300
327 
207 300 3
327 3 
148 300 1
328 1 
208 300 5
328 5 
328 300 4
328 4 
328 300
328 
328 300 2
328 2 
328 300
328 
208 300 3
328 3 
148 300 1
328 1 
209 300 5
329 5 
329 300 4
329 4 
329 300
329 
329 300 2
329 2 
329 300
329 
209 300 3
329 3 
149 300 1
329 1 
210 300 5
330 5 
330 300 4
330 4 
330 300
330 
330 300 2
330 2 
330 300
330 
210 300 3
330 3 
150 300 1
330 1 
211 300 5
331 5 
331 300 4
331 4 
331 300
331 
331 300 2
331 2 
331 300
331 
211 300 3
331 3 
151 300 1
331 1 
212 300 5
332 5 
332 300 4
332 4 
332 300
332 
332 300 2
332 2 
332 300
332 
212 300 3
332 3 
152 300 1
332 1 
213 300 5
333 5 
333 300 4
333 4 
333 300
333 
333 300 2
333 2 
333 300
333 
213 300 3
333 3 
153 300 1
333 1 
214 300 5
334 5 
334 300 4
334 4 
334 300
334 
334 300 2
334 2 
334 300
334 
214 300 3
334 3 
154 300 1
334 1 
215 300 5
335 5 
335 300 4
335 4 
335 300
335 
335 300 2
335 2 
335 300
335 
215 300 3
335 3 
155 300 1
335 1 
215 300 5
335 5 
335 300 4
336 4 
336 300
336 
336 300 2
336 2 
336 300
336 
216 300 3
336 3 
156 300 1
336 1 
216 300 5
336 5 
336 300 4
336 4 
336 300
336 
336 300 2
336 2 
336 300
336 
217 300 3
337 3 
157 300 1
337 1 
217 300 5
337 5 
337 300 4
337 4 
337 300
337 
337 300 2
337 2 
337 300
337 
217 300 3
337 3 
158 300 1
338 1 
218 300 5
338 5 
338 300 4
338 4 
338 300
338 
338 300 2
338 2 
338 300
338 
218 300 3
338 3 
159 300 1
339 1 
219 300 5
339 5 
339 300 4
339 4 
339 300
339 
339 300 2
339 2 
339 300
339 
219 300 3
339 3 
160 300 1
340 1 
220 300 5
340 5 
340 300 4
340 4 
340 300
340 
340 300 2
340 2 
340 300
340 
220 300 3
340 3 
161 300 1
341 1 
221 300 5
341 5 
341 300 4
341 4 
341 300
341 
341 300 2
341 2 
341 300
341 
221 300 3
341 3 
162 300 1
342 1 
222 300 5
342 5 
342 300 4
342 4 
342 300
342 
342 300 2
342 2 
342 300
342 
222 300 3
342 3 
163 300 1
343 1 
223 300 5
343 5 
343 300 4
343 4 
343 300 2
343 2 
343 300
343 
343 300
343 
223 300 3
343 3 
164 300 1
344 1 
224 300 5
344 5 
344 300 4
344 4 
344 300
344 
344 300 2
344 2 
344 300
344 
224 300 3
344 3 
165 300 1
345 1 
225 300 5
345 5 
345 300 4
345 4 
345 300
345 
345 300 2
345 2 
345 300
345 
225 300 3
345 3 
166 300 1
346 1 
226 300 5
346 5 
346 300 4
346 4 
346 300
346 
346 300 2
346 2 
346 300
346 
226 300 3
346 3 
167 300 1
347 1 
227 300 5
347 5 
347 300 4
347 4 
347 300
347 
347 300 2
347 2 
347 300
347 
227 300 3
347 3 
168 300 1
348 1 
228 300 5
348 5 
348 300 4
348 4 
348 300
348 
348 300 2
348 2 
348 300
348 
228 300 3
348 3 
169 300 1
349 1 
229 300 5
349 5 
349 300 4
349 4 
349 300
349 
349 300 2
349 2 
349 300
349 
229 300 3
349 3 
170 300 1
350 1 
230 300 5
350 5 
350 300 4
350 4 
350 300
350 
350 300 2
350 2 
350 300
350 
230 300 3
350 3 
171 300 1
351 1 
231 300 5
351 5 
351 300 4
351 4 
351 300
351 
351 300 2
351 2 
351 300
351 
231 300 3
351 3 
171 300 1
351 1 
232 300 5
352 5 
352 300 4
352 4 
352 300
352 
352 300 2
352 2 
352 300
352 
232 300 3
352 3 
172 300 1
352 1 
233 300 5
353 5 
353 300 4
353 4 
353 300
353 
353 300 2
353 2 
353 300
353 
233 300 3
353 3 
173 300 1
353 1 
234 300 5
354 5 
354 300 4
354 4 
354 300
354 
354 300 2
354 2 
354 300
354 
234 300 3
354 3 
174 300 1
354 1 
235 300 5
355 5 
355 300 4
355 4 
355 300
355 
355 300 2
355 2 
355 300
355 
235 300 3
355 3 
175 300 1
355 1 
236 300 5
356 5 
356 300 4
356 4 
356 300
356 
356 300 2
356 2 
356 300
356 
236 300 3
356 3 
176 300 1
356 1 
237 300 5
357 5 
357 300 4
357 4 
357 300
357 
357 300 2
357 2 
357 300
357 
237 300 3
357 3 
177 300 1
357 1 
238 300 5
358 5 
358 300 4
358 4 
358 300
358 
238 300 3
358 3 
358 300 2
358 2 
358 300
358 
178 300 1
358 1 
239 300 5
359 5 
359 300 4
359 4 
359 300
359 
239 300 3
359 3 
359 300 2
359 2 
359 300
359 
179 300 1
359 1 
239 300 5
359 5 
360 300 4
360 4 
360 300
360 
240 300 3
360 3 
360 300 2
360 2 
360 300
360 
180 300 1
360 1 
240 300 5
360 5 
360 300 4
360 4 
360 300
360 
241 300 3
361 3 
361 300 2
361 2 
361 300
361 
181 300 1
361 1 
241 300 5
361 5 
361 300 4
361 4 
361 300
361 
241 300 3
361 3 
361 300 2
361 2 
361 300
361 
182 300 1
362 1 
242 300 5
362 5 
362 300 4
362 4 
362 300
362 
242 300 3
362 3 
362 300 2
362 2 
362 300
362 
183 300 1
363 1 
243 300 5
363 5 
363 300 4
363 4 
363 300
363 
243 300 3
363 3 
363 300 2
363 2 
363 300
363 
184 300 1
364 1 
244 300 5
364 5 
364 300 4
364 4 
364 300
364 
244 300 3
364 3 
364 300 2
364 2 
364 300
364 
185 300 1
365 1 
245 300 5
365 5 
365 300 4
365 4 
365 300
365 
245 300 3
365 3 
365 300 2
365 2 
365 300
365 
186 300 1
366 1 
246 300 5
366 5 
366 300 4
366 4 
366 300
366 
246 300 3
366 3 
366 300 2
366 2 
366 300
366 
187 300 1
367 1 
247 300 5
367 5 
247 300 3
367 3 
367 300 4
367 4 
367 300
367 
367 300 2
367 2 
367 300
367 
188 300 1
368 1 
248 300 5
368 5 
248 300 3
368 3 
368 300 4
368 4 
368 300
368 
368 300 2
368 2 
368 300
368 
189 300 1
369 1 
249 300 5
369 5 
249 300 3
369 3 
369 300 4
369 4 
369 300
369 
369 300 2
369 2 
369 300
369 
190 300 1
370 1 
250 300 5
370 5 
250 300 3
370 3 
370 300 4
370 4 
370 300
370 
370 300 2
370 2 
370 300
370 
191 300 1
371 1 
251 300 5
371 5 
251 300 3
371 3 
371 300 4
371 4 
371 300
371 
371 300 2
371 2 
371 300
371 
192 300 1
372 1 
252 300 5
372 5 
252 300 3
372 3 
372 300 4
372 4 
372 300
372 
372 300 2
372 2 
372 300
372 
193 300 1
373 1 
253 300 5
373 5 
373 300 4
373 4 
373 300
373 
373 300 2
373 2 
373 300
373 
253 300 3
373 3 
194 300 1
374 1 
254 300 5
374 5 
374 300 4
374 4 
374 300
374 
374 300 2
374 2 
374 300
374 
254 300 3
374 3 
195 300 1
375 1 
255 300 5
375 5 
375 300 4
375 4 
375 300
375 
375 300 2
375 2 
375 300
375 
255 300 3
375 3 
195 300 1
375 1 
256 300 5
376 5 
376 300 4
376 4 
376 300
376 
376 300 2
376 2 
376 300
376 
256 300 3
376 3 
196 300 1
376 1 
257 300 5
377 5 
377 300 4
377 4 
377 300
377 
377 300 2
377 2 
377 300
377 
257 300 3
377 3 
197 300 1
377 1 
258 300 5
378 5 
378 300 4
378 4 
378 300
378 
378 300 2
378 2 
378 300
378 
258 300 3
378 3 
198 300 1
378 1 
259 300 5
379 5 
379 300 4
379 4 
379 300
379 
379 300 2
379 2 
379 300
379 
259 300 3
379 3 
199 300 1
379 1 
260 300 5
380 5 
380 300 4
380 4 
380 300
380 
380 300 2
380 2 
380 300
380 
260 300 3
380 3 
200 300 1
380 1 
261 300 5
381 5 
381 300 4
381 4 
381 300
381 
381 300 2
381 2 
381 300
381 
261 300 3
381 3 
201 300 1
381 1 
261 300 5
382 5 
382 300 4
382 4 
382 300
382 
382 300 2
382 2 
382 300
382 
262 300 3
382 3 
202 300 1
382 1 
262 300 5
382 5 
383 300 4
383 4 
383 300
383 
383 300 2
383 2 
383 300
383 
263 300 3
383 3 
203 300 1
383 1 
263 300 5
383 5 
383 300 4
383 4 
383 300
383 
384 300 2
384 2 
384 300
384 
264 300 3
384 3 
204 300 1
384 1 
264 300 5
384 5 
384 300 4
384 4 
384 300
384 
384 300 2
384 2 
384 300
384 
265 300 3
385 3 
205 300 1
385 1 
265 300 5
385 5 
385 300 4
385 4 
385 300
385 
385 300 2
385 2 
385 300
385 
266 300 3
386 3 
206 300 1
386 1 
266 300 5
386 5 
386 300 4
386 4 
386 300
386 
386 300 2
386 2 
386 300
386 
267 300 3
387 3 
207 300 1
387 1 
267 300 5
387 5 
387 300 4
387 4 
387 300
387 
387 300 2
387 2 
387 300
387 
268 300 3
388 3 
208 300 1
388 1 
268 300 5
388 5 
388 300 4
388 4 
388 300
388 
388 300 2
388 2 
388 300
388 
269 300 3
389 3 
209 300 1
389 1 
269 300 5
389 5 
389 300 4
389 4 
389 300
389 
389 300 2
389 2 
389 300
389 
270 300 3
390 3 
210 300 1
390 1 
270 300 5
390 5 
390 300 4
390 4 
390 300
390 
390 300 2
390 2 
390 300
390 
271 300 3
391 3 
211 300 1
391 1 
271 300 5
391 5 
391 300 4
391 4 
391 300 2
391 2 
391 300
391 
391 300
391 
271 300 3
391 3 
212 300 1
392 1 
272 300 5
392 5 
392 300 4
392 4 
392 300
392 
392 300 2
392 2 
392 300
392 
272 300 3
392 3 
213 300 1
393 1 
273 300 5
393 5 
393 300 4
393 4 
393 300
393 
393 300 2
393 2 
393 300
393 
273 300 3
393 3 
214 300 1
394 1 
274 300 5
394 5 
394 300 4
394 4 
394 300
394 
394 300 2
394 2 
394 300
394 
274 300 3
394 3 
215 300 1
395 1 
275 300 5
395 5 
395 300 4
395 4 
395 300
395 
395 300 2
395 2 
395 300
395 
275 300 3
395 3 
216 300 1
396 1 
276 300 5
396 5 
396 300 4
396 4 
396 300
396 
396 300 2
396 2 
396 300
396 
276 300 3
396 3 
217 300 1
397 1 
277 300 5
397 5 
397 300 4
397 4 
397 300
397 
397 300 2
397 2 
397 300
397 
277 300 3
397 3 
218 300 1
398 1 
278 300 5
398 5 
398 300 4
398 4 
398 300
398 
398 300 2
398 2 
398 300
398 
278 300 3
398 3 
219 300 1
399 1 
279 300 5
399 5 
399 300 4
399 4 
399 300
399 
399 300 2
399 2 
399 300
399 
279 300 3
399 3 
219 300 1
399 1 
280 300 5
400 5 
400 300 4
400 4 
400 300
400 
400 300 2
400 2 
400 300
400 
280 300 3
400 3 
220 300 1
400 1 
281 300 5
401 5 
401 300 4
401 4 
401 300
401 
401 300 2
401 2 
401 300
401 
281 300 3
401 3 
221 300 1
401 1 
282 300 5
402 5 
402 300 4
402 4 
402 300
402 
402 300 2
402 2 
402 300
402 
282 300 3
402 3 
222 300 1
402 1 
283 300 5
403 5 
403 300 4
403 4 
403 300
403 
403 300 2
403 2 
403 300
403 
283 300 3
403 3 
223 300 1
403 1 
284 300 5
404 5 
404 300 4
404 4 
404 300
404 
404 300 2
404 2 
404 300
404 
284 300 3
404 3 
224 300 1
404 1 
284 300 5
404 5 
405 300 4
405 4 
405 300
405 
405 300 2
405 2 
405 300
405 
285 300 3
405 3 
225 300 1
405 1 
285 300 5
405 5 
406 300 4
406 4 
406 300
406 
406 300 2
406 2 
406 300
406 
286 300 3
406 3 
226 300 1
406 1 
286 300 5
406 5 
407 300 4
407 4 
407 300
407 
407 300 2
407 2 
407 300
407 
287 300 3
407 3 
227 300 1
407 1 
287 300 5
407 5 
408 300 4
408 4 
408 300
408 
408 300 2
408 2 
408 300
408 
288 300 3
408 3 
228 300 1
408 1 
288 300 5
408 5 
408 300 4
409 4 
409 300
409 
409 300 2
409 2 
409 300
409 
289 300 3
409 3 
229 300 1
409 1 
289 300 5
409 5 
409 300 4
409 4 
409 300
409 
409 300 2
409 2 
409 300
409 
290 300 3
410 3 
230 300 1
410 1 
290 300 5
410 5 
410 300 4
410 4 
410 300
410 
410 300 2
410 2 
410 300
410 
291 300 3
411 3 
231 300 1
411 1 
291 300 5
411 5 
411 300 4
411 4 
411 300
411 
411 300 2
411 2 
411 300
411 
292 300 3
412 3 
232 300 1
412 1 
292 300 5
412 5 
412 300 4
412 4 
412 300
412 
412 300 2
412 2 
412 300
412 
293 300 3
413 3 
233 300 1
413 1 
293 300 5
413 5 
413 300 4
413 4 
413 300
413 
413 300 2
413 2 
413 300
413 
294 300 3
414 3 
234 300 1
414 1 
294 300 5
414 5 
414 300 4
414 4 
414 300
414 
414 300 2
414 2 
414 300
414 
295 300 3
415 3 
235 300 1
415 1 
295 300 5
415 5 
415 300 4
415 4 
415 300
415 
415 300 2
415 2 
415 300
415 
295 300 3
415 3 
236 300 1
416 1 
296 300 5
416 5 
416 300 4
416 4 
416 300
416 
416 300 2
416 2 
416 300
416 
296 300 3
416 3 
237 300 1
417 1 
297 300 5
417 5 
417 300 4
417 4 
417 300
417 
417 300 2
417 2 
417 300
417 
297 300 3
417 3 
238 300 1
418 1 
298 300 5
418 5 
418 300 4
418 4 
418 300
418 
418 300 2
418 2 
418 300
418 
298 300 3
418 3 
239 300 1
419 1 
299 300 5
419 5 
419 300 4
419 4 
419 300
419 
419 300 2
419 2 
419 300
419 
299 300 3
419 3 
240 300 1
420 1 
300 300 5
420 5 
300 300
420 
420 300 4
420 4 
420 300
420 
420 300 2
420 2 
420 300
420 
300 300 3
420 3 
300 300
420 
241 300 1
421 1 
301 300 5
421 5 
301 300
421 
421 300 4
421 4 
421 300
421 
421 300 2
421 2 
421 300
421 
301 300 3
421 3 
301 300
421 
242 300 1
422 1 
302 300 5
422 5 
302 300
422 
422 300 4
422 4 
422 300
422 
422 300 2
422 2 
422 300
422 
302 300 3
422 3 
302 300
422 
242 300 1
422 1 
303 300 5
423 5 
303 300
423 
423 300 4
423 4 
423 300
423 
423 300 2
423 2 
423 300
423 
303 300 3
423 3 
303 300
423 
243 300 1
423 1 
304 300 5
424 5 
304 300
424 
424 300 4
424 4 
424 300
424 
424 300 2
424 2 
424 300
424 
304 300 3
424 3 
304 300
424 
244 300 1
424 1 
305 300 5
425 5 
305 300
425 
425 300 4
425 4 
425 300
425 
425 300 2
425 2 
425 300
425 
305 300 3
425 3 
305 300
425 
245 300 1
425 1 
306 300 5
426 5 
306 300
426 
426 300 4
426 4 
426 300
426 
426 300 2
426 2 
426 300
426 
306 300 3
426 3 
306 300
426 
246 300 1
426 1 
307 300 5
427 5 
307 300
427 
427 300 4
427 4 
427 300
427 
427 300 2
427 2 
427 300
427 
307 300 3
427 3 
307 300
427 
247 300 1
427 1 
307 300 5
427 5 
307 300
427 
428 300 4
428 4 
428 300
428 
428 300 2
428 2 
428 300
428 
308 300 3
428 3 
308 300
428 
248 300 1
428 1 
308 300 5
428 5 
308 300
428 
429 300 4
429 4 
429 300
429 
429 300 2
429 2 
429 300
429 
309 300 3
429 3 
309 300
429 
249 300 1
429 1 
309 300 5
429 5 
309 300
429 
430 300 4
430 4 
430 300
430 
430 300 2
430 2 
430 300
430 
310 300 3
430 3 
310 300
430 
250 300 1
430 1 
310 300 5
430 5 
310 300
430 
431 300 4
431 4 
431 300
431 
431 300 2
431 2 
431 300
431 
311 300 3
431 3 
311 300
431 
251 300 1
431 1 
311 300 5
431 5 
311 300
431 
431 300 4
431 4 
431 300
431 
432 300 2
432 2 
432 300
432 
312 300 3
432 3 
312 300
432 
252 300 1
432 1 
312 300 5
432 5 
312 300
432 
432 300 4
432 4 
432 300
432 
432 300 2
432 2 
432 300
432 
313 300 3
433 3 
313 300
433 
253 300 1
433 1 
313 300 5
433 5 
313 300
433 
433 300 4
433 4 
433 300
433 
433 300 2
433 2 
433 300
433 
314 300 3
434 3 
314 300
434 
254 300 1
434 1 
314 300 5
434 5 
314 300
434 
434 300 4
434 4 
434 300
434 
434 300 2
434 2 
434 300
434 
315 300 3
435 3 
315 300
435 
255 300 1
435 1 
315 300 5
435 5 
315 300
435 
435 300 4
435 4 
435 300
435 
435 300 2
435 2 
435 300
435 
316 300 3
436 3 
316 300
436 
256 300 1
436 1 
316 300 5
436 5 
316 300
436 
436 300 4
436 4 
436 300
436 
436 300 2
436 2 
436 300
436 
317 300 3
437 3 
317 300
437 
257 300 1
437 1 
317 300 5
437 5 
317 300
437 
437 300 4
437 4 
437 300
437 
437 300 2
437 2 
437 300
437 
318 300 3
438 3 
318 300
438 
258 300 1
438 1 
318 300 5
438 5 
318 300
438 
438 300 4
438 4 
438 300
438 
438 300 2
438 2 
438 300
438 
318 300 3
438 3 
318 300
438 
259 300 1
439 1 
319 300 5
439 5 
319 300
439 
439 300 4
439 4 
439 300 2
439 2 
439 300
439 
439 300
439 
319 300 3
439 3 
319 300
439 
260 300 1
440 1 
320 300 5
440 5 
320 300
440 
440 300 4
440 4 
440 300
440 
440 300 2
440 2 
440 300
440 
320 300 3
440 3 
320 300
440 
261 300 1
441 1 
321 300 5
441 5 
321 300
441 
441 300 4
441 4 
441 300
441 
441 300 2
441 2 
441 300
441 
321 300 3
441 3 
321 300
441 
262 300 1
442 1 
322 300 5
442 5 
322 300
442 
442 300 4
442 4 
442 300
442 
442 300 2
442 2 
442 300
442 
322 300 3
442 3 
322 300
442 
263 300 1
443 1 
323 300 5
443 5 
323 300
443 
443 300 4
443 4 
443 300
443 
443 300 2
443 2 
443 300
443 
323 300 3
443 3 
323 300
443 
264 300 1
444 1 
324 300 5
444 5 
324 300
444 
444 300 4
444 4 
444 300
444 
444 300 2
444 2 
444 300
444 
324 300 3
444 3 
324 300
444 
265 300 1
445 1 
325 300 5
445 5 
325 300
445 
445 300 4
445 4 
445 300
445 
445 300 2
445 2 
445 300
445 
325 300 3
445 3 
325 300
445 
265 300 1
445 1 
326 300 5
446 5 
326 300
446 
446 300 4
446 4 
446 300
446 
446 300 2
446 2 
446 300
446 
326 300 3
446 3 
326 300
446 
266 300 1
446 1 
327 300 5
447 5 
327 300
447 
447 300 4
447 4 
447 300
447 
447 300 2
447 2 
447 300
447 
327 300 3
447 3 
327 300
447 
267 300 1
447 1 
328 300 5
448 5 
328 300
448 
448 300 4
448 4 
448 300
448 
448 300 2
448 2 
448 300
448 
328 300 3
448 3 
328 300
448 
268 300 1
448 1 
329 300 5
449 5 
329 300
449 
449 300 4
449 4 
449 300
449 
449 300 2
449 2 
449 300
449 
329 300 3
449 3 
329 300
449 
269 300 1
449 1 
330 300 5
450 5 
330 300
450 
450 300 4
450 4 
450 300
450 
450 300 2
450 2 
450 300
450 
330 300 3
450 3 
330 300
450 
270 300 1
450 1 
330 300 5
450 5 
330 300
450 
451 300 4
451 4 
451 300
451 
451 300 2
451 2 
451 300
451 
331 300 3
451 3 
331 300
451 
271 300 1
451 1 
331 300 5
451 5 
331 300
451 
452 300 4
452 4 
452 300
452 
452 300 2
452 2 
452 300
452 
332 300 3
452 3 
332 300
452 
272 300 1
452 1 
332 300 5
452 5 
332 300
452 
453 300 4
453 4 
453 300
453 
453 300 2
453 2 
453 300
453 
333 300 3
453 3 
333 300
453 
273 300 1
453 1 
333 300 5
453 5 
333 300
453 
454 300 4
454 4 
454 300
454 
454 300 2
454 2 
454 300
454 
334 300 3
454 3 
334 300
454 
274 300 1
454 1 
334 300 5
454 5 
334 300
454 
455 300 4
455 4 
455 300
455 
455 300 2
455 2 
455 300
455 
335 300 3
455 3 
335 300
455 
275 300 1
455 1 
335 300 5
455 5 
335 300
455 
456 300 4
456 4 
456 300
456 
456 300 2
456 2 
456 300
456 
336 300 3
456 3 
336 300
456 
276 300 1
456 1 
336 300 5
456 5 
336 300
456 
456 300 4
456 4 
456 300
456 
456 300 2
456 2 
456 300
456 
337 300 3
457 3 
337 300
457 
277 300 1
457 1 
337 300 5
457 5 
337 300
457 
457 300 4
457 4 
457 300
457 
457 300 2
457 2 
457 300
457 
338 300 3
458 3 
338 300
458 
278 300 1
458 1 
338 300 5
458 5 
338 300
458 
458 300 4
458 4 
458 300
458 
458 300 2
458 2 
458 300
458 
339 300 3
459 3 
339 300
459 
279 300 1
459 1 
339 300 5
459 5 
339 300
459 
459 300 4
459 4 
459 300
459 
459 300 2
459 2 
459 300
459 
340 300 3
460 3 
340 300
460 
280 300 1
460 1 
340 300 5
460 5 
340 300
460 
460 300 4
460 4 
460 300
460 
460 300 2
460 2 
460 300
460 
341 300 3
461 3 
341 300
461 
281 300 1
461 1 
341 300 5
461 5 
341 300
461 
461 300 4
461 4 
461 300
461 
461 300 2
461 2 
461 300
461 
342 300 3
462 3 
342 300
462 
282 300 1
462 1 
342 300 5
462 5 
342 300
462 
462 300 4
462 4 
462 300
462 
462 300 2
462 2 
462 300
462 
343 300 3
463 3 
343 300
463 
283 300 1
463 1 
343 300 5
463 5 
343 300
463 
463 300 4
463 4 
463 300
463 
463 300 2
463 2 
463 300
463 
344 300 3
464 3 
344 300
464 
284 300 1
464 1 
344 300 5
464 5 
344 300
464 
464 300 4
464 4 
464 300
464 
464 300 2
464 2 
464 300
464 
345 300 3
465 3 
345 300
465 
285 300 1
465 1 
345 300 5
465 5 
345 300
465 
465 300 4
465 4 
465 300
465 
465 300 2
465 2 
465 300
465 
345 300 3
465 3 
345 300
465 
286 300 1
466 1 
346 300 5
466 5 
346 300
466 
466 300 4
466 4 
466 300
466 
466 300 2
466 2 
466 300
466 
346 300 3
466 3 
346 300
466 
287 300 1
467 1 
347 300 5
467 5 
347 300
467 
467 300 4
467 4 
467 300
467 
467 300 2
467 2 
467 300
467 
347 300 3
467 3 
347 300
467 
288 300 1
468 1 
348 300 5
468 5 
348 300
468 
468 300 4
468 4 
468 300
468 
468 300 2
468 2 
468 300
468 
348 300 3
468 3 
348 300
468 
289 300 1
469 1 
349 300 5
469 5 
349 300
469 
469 300 4
469 4 
469 300
469 
469 300 2
469 2 
469 300
469 
349 300 3
469 3 
349 300
469 
289 300 1
469 1 
350 300 5
470 5 
350 300
470 
470 300 4
470 4 
470 300
470 
470 300 2
470 2 
470 300
470 
350 300 3
470 3 
350 300
470 
290 300 1
470 1 
351 300 5
471 5 
351 300
471 
471 300 4
471 4 
471 300
471 
471 300 2
471 2 
471 300
471 
351 300 3
471 3 
351 300
471 
291 300 1
471 1 
352 300 5
472 5 
352 300
472 
472 300 4
472 4 
472 300
472 
472 300 2
472 2 
472 300
472 
352 300 3
472 3 
352 300
472 
292 300 1
472 1 
353 300 5
473 5 
353 300
473 
473 300 4
473 4 
473 300
473 
473 300 2
473 2 
473 300
473 
353 300 3
473 3 
353 300
473 
293 300 1
473 1 
353 300 5
473 5 
353 300
473 
474 300 4
474 4 
474 300
474 
474 300 2
474 2 
474 300
474 
354 300 3
474 3 
354 300
474 
294 300 1
474 1 
354 300 5
474 5 
354 300
474 
475 300 4
475 4 
475 300
475 
475 300 2
475 2 
475 300
475 
355 300 3
475 3 
355 300
475 
295 300 1
475 1 
355 300 5
475 5 
355 300
475 
476 300 4
476 4 
476 300
476 
476 300 2
476 2 
476 300
476 
356 300 3
476 3 
356 300
476 
296 300 1
476 1 
356 300 5
476 5 
356 300
476 
477 300 4
477 4 
477 300
477 
477 300 2
477 2 
477 300
477 
357 300 3
477 3 
357 300
477 
297 300 1
477 1 
357 300 5
477 5 
357 300
477 
478 300 4
478 4 
478 300
478 
478 300 2
478 2 
478 300
478 
358 300 3
478 3 
358 300
478 
298 300 1
478 1 
358 300 5
478 5 
358 300
478 
479 300 4
479 4 
479 300
479 
479 300 2
479 2 
479 300
479 
359 300 3
479 3 
359 300
479 
299 300 1
479 1 
359 300 5
479 5 
359 300
479 
479 300 4
479 4 
479 300
479 
479 300 2
479 2 
479 300
479 
360 300 3
480 3 
360 300
480 
300 300 1
480 1 
300 300
480 
360 300 5
480 5 
360 300
480 
480 300 4
480 4 
480 300
480 
480 300 2
480 2 
480 300
480 
361 300 3
481 3 
361 300
481 
301 300 1
481 1 
301 300
481 
361 300 5
481 5 
361 300
481 
481 300 4
481 4 
481 300
481 
481 300 2
481 2 
481 300
481 
362 300 3
482 3 
362 300
482 
302 300 1
482 1 
302 300
482 
362 300 5
482 5 
362 300
482 
482 300 4
482 4 
482 300
482 
482 300 2
482 2 
482 300
482 
363 300 3
483 3 
363 300
483 
303 300 1
483 1 
303 300
483 
363 300 5
483 5 
363 300
483 
483 300 4
483 4 
483 300
483 
483 300 2
483 2 
483 300
483 
364 300 3
484 3 
364 300
484 
304 300 1
484 1 
304 300
484 
364 300 5
484 5 
364 300
484 
484 300 4
484 4 
484 300
484 
484 300 2
484 2 
484 300
484 
365 300 3
485 3 
365 300
485 
305 300 1
485 1 
305 300
485 
365 300 5
485 5 
365 300
485 
485 300 4
485 4 
485 300
485 
485 300 2
485 2 
485 300
485 
366 300 3
486 3 
366 300
486 
306 300 1
486 1 
306 300
486 
366 300 5
486 5 
366 300
486 
486 300 4
486 4 
486 300
486 
486 300 2
486 2 
486 300
486 
367 300 3
487 3 
367 300
487 
307 300 1
487 1 
307 300
487 
367 300 5
487 5 
367 300
487 
487 300 4
487 4 
487 300
487 
487 300 2
487 2 
487 300
487 
368 300 3
488 3 
368 300
488 
308 300 1
488 1 
308 300
488 
368 300 5
488 5 
368 300
488 
488 300 4
488 4 
488 300
488 
488 300 2
488 2 
488 300
488 
369 300 3
489 3 
369 300
489 
309 300 1
489 1 
309 300
489 
369 300 5
489 5 
369 300
489 
489 300 4
489 4 
489 300
489 
489 300 2
489 2 
489 300
489 
369 300 3
489 3 
369 300
489 
310 300 1
490 1 
310 300
490 
370 300 5
490 5 
370 300
490 
490 300 4
490 4 
490 300
490 
490 300 2
490 2 
490 300
490 
370 300 3
490 3 
370 300
490 
311 300 1
491 1 
311 300
491 
371 300 5
491 5 
371 300
491 
491 300 4
491 4 
491 300
491 
491 300 2
491 2 
491 300
491 
371 300 3
491 3 
371 300
491 
312 300 1
492 1 
312 300
492 
372 300 5
492 5 
372 300
492 
492 300 4
492 4 
492 300
492 
492 300 2
492 2 
492 300
492 
372 300 3
492 3 
372 300
492 
313 300 1
493 1 
313 300
493 
373 300 5
493 5 
373 300
493 
493 300 4
493 4 
493 300
493 
493 300 2
493 2 
493 300
493 
373 300 3
493 3 
373 300
493 
313 300 1
493 1 
313 300
493 
374 300 5
494 5 
374 300
494 
494 300 4
494 4 
494 300
494 
494 300 2
494 2 
494 300
494 
374 300 3
494 3 
374 300
494 
314 300 1
494 1 
314 300
494 
374 300 5
494 5 
374 300
494 
495 300 4
495 4 
495 300
495 
495 300 2
495 2 
495 300
495 
375 300 3
495 3 
375 300
495 
315 300 1
495 1 
315 300
495 
375 300 5
495 5 
375 300
495 
496 300 4
496 4 
496 300
496 
496 300 2
496 2 
496 300
496 
376 300 3
496 3 
376 300
496 
316 300 1
496 1 
316 300
496 
376 300 5
496 5 
376 300
496 
497 300 4
497 4 
497 300
497 
497 300 2
497 2 
497 300
497 
377 300 3
497 3 
377 300
497 
317 300 1
497 1 
317 300
497 
377 300 5
497 5 
377 300
497 
498 300 4
498 4 
498 300
498 
498 300 2
498 2 
498 300
498 
378 300 3
498 3 
378 300
498 
318 300 1
498 1 
318 300
498 
378 300 5
498 5 
378 300
498 
499 300 4
499 4 
499 300
499 
499 300 2
499 2 
499 300
499 
379 300 3
499 3 
379 300
499 
319 300 1
499 1 
319 300
499 
379 300 5
499 5 
379 300
499 
500 300 4
500 4 
500 300
500 
500 300 2
500 2 
500 300
500 
380 300 3
500 3 
380 300
500 
320 300 1
500 1 
320 300
500 
380 300 5
500 5 
380 300
500 
501 300 4
501 4 
501 300
501 
501 300 2
501 2 
501 300
501 
381 300 3
501 3 
381 300
501 
321 300 1
501 1 
321 300
501 
381 300 5
501 5 
381 300
501 
502 300 4
502 4 
502 300
502 
502 300 2
502 2 
502 300
502 
382 300 3
502 3 
382 300
502 
322 300 1
502 1 
322 300
502 
382 300 5
502 5 
382 300
502 
503 300 4
503 4 
503 300
503 
503 300 2
503 2 
503 300
503 
383 300 3
503 3 
383 300
503 
323 300 1
503 1 
323 300
503 
383 300 5
503 5 
383 300
503 
503 300 4
503 4 
503 300
503 
503 300 2
503 2 
503 300
503 
384 300 3
504 3 
384 300
504 
384 300 5
504 5 
384 300
504 
324 300 1
504 1 
324 300
504 
504 300 4
504 4 
504 300
504 
504 300 2
504 2 
504 300
504 
385 300 3
505 3 
385 300
505 
385 300 5
505 5 
385 300
505 
325 300 1
505 1 
325 300
505 
505 300 4
505 4 
505 300
505 
505 300 2
505 2 
505 300
505 
386 300 3
506 3 
386 300
506 
386 300 5
506 5 
386 300
506 
326 300 1
506 1 
326 300
506 
506 300 4
506 4 
506 300
506 
506 300 2
506 2 
506 300
506 
387 300 3
507 3 
387 300
507 
387 300 5
507 5 
387 300
507 
327 300 1
507 1 
327 300
507 
507 300 4
507 4 
507 300
507 
507 300 2
507 2 
507 300
507 
388 300 3
508 3 
388 300
508 
388 300 5
508 5 
388 300
508 
328 300 1
508 1 
328 300
508 
508 300 4
508 4 
508 300
508 
508 300 2
508 2 
508 300
508 
389 300 3
509 3 
389 300
509 
389 300 5
509 5 
389 300
509 
329 300 1
509 1 
329 300
509 
509 300 4
509 4 
509 300
509 
509 300 2
509 2 
509 300
509 
390 300 3
510 3 
390 300
510 
390 300 5
510 5 
390 300
510 
330 300 1
510 1 
330 300
510 
510 300 4
510 4 
510 300
510 
510 300 2
510 2 
510 300
510 
391 300 3
511 3 
391 300
511 
391 300 5
511 5 
391 300
511 
331 300 1
511 1 
331 300
511 
511 300 4
511 4 
511 300
511 
511 300 2
511 2 
511 300
511 
392 300 3
512 3 
392 300
512 
392 300 5
512 5 
392 300
512 
332 300 1
512 1 
332 300
512 
512 300 4
512 4 
512 300
512 
512 300 2
512 2 
512 300
512 
393 300 3
513 3 
393 300
513 
393 300 5
513 5 
393 300
513 
333 300 1
513 1 
333 300
513 
513 300 4
513 4 
513 300
513 
513 300 2
513 2 
513 300
513 
393 300 3
513 3 
393 300
513 
394 300 5
514 5 
394 300
514 
334 300 1
514 1 
334 300
514 
514 300 4
514 4 
514 300
514 
514 300 2
514 2 
514 300
514 
394 300 3
514 3 
394 300
514 
395 300 5
515 5 
395 300
515 
335 300 1
515 1 
335 300
515 
515 300 4
515 4 
515 300
515 
515 300 2
515 2 
515 300
515 
395 300 3
515 3 
395 300
515 
396 300 5
516 5 
396 300
516 
336 300 1
516 1 
336 300
516 
516 300 4
516 4 
516 300
516 
516 300 2
516 2 
516 300
516 
396 300 3
516 3 
396 300
516 
396 300 5
516 5 
396 300
516 
337 300 1
517 1 
337 300
517 
517 300 4
517 4 
517 300
517 
517 300 2
517 2 
517 300
517 
397 300 3
517 3 
397 300
517 
397 300 5
517 5 
397 300
517 
337 300 1
517 1 
338 300
518 
518 300 4
518 4 
518 300
518 
518 300 2
518 2 
518 300
518 
398 300 3
518 3 
398 300
518 
398 300 5
518 5 
398 300
518 
338 300 1
518 1 
338 300
518 
519 300 4
519 4 
519 300
519 
519 300 2
519 2 
519 300
519 
399 300 3
519 3 
399 300
519 
399 300 5
519 5 
399 300
519 
339 300 1
519 1 
339 300
519 
520 300 4
520 4 
520 300
520 
520 300 2
520 2 
520 300
520 
400 300 3
520 3 
400 300
520 
400 300 5
520 5 
400 300
520 
340 300 1
520 1 
340 300
520 
521 300 4
521 4 
521 300
521 
521 300 2
521 2 
521 300
521 
401 300 3
521 3 
401 300
521 
401 300 5
521 5 
401 300
521 
341 300 1
521 1 
341 300
521 
522 300 4
522 4 
522 300
522 
522 300 2
522 2 
522 300
522 
402 300 3
522 3 
402 300
522 
402 300 5
522 5 
402 300
522 
342 300 1
522 1 
342 300
522 
523 300 4
523 4 
523 300
523 
523 300 2
523 2 
523 300
523 
403 300 3
523 3 
403 300
523 
403 300 5
523 5 
403 300
523 
343 300 1
523 1 
343 300
523 
524 300 4
524 4 
524 300
524 
524 300 2
524 2 
524 300
524 
404 300 3
524 3 
404 300
524 
404 300 5
524 5 
404 300
524 
344 300 1
524 1 
344 300
524 
525 300 4
525 4 
525 300
525 
525 300 2
525 2 
525 300
525 
405 300 3
525 3 
405 300
525 
405 300 5
525 5 
405 300
525 
345 300 1
525 1 
345 300
525 
526 300 4
526 4 
526 300
526 
526 300 2
526 2 
526 300
526 
406 300 3
526 3 
406 300
526 
406 300 5
526 5 
406 300
526 
346 300 1
526 1 
346 300
526 
527 300 4
527 4 
527 300
527 
527 300 2
527 2 
527 300
527 
407 300 3
527 3 
407 300
527 
407 300 5
527 5 
407 300
527 
347 300 1
527 1 
347 300
527 
527 300 4
527 4 
527 300
527 
527 300 2
527 2 
527 300
527 
408 300 3
528 3 
408 300
528 
408 300 5
528 5 
408 300
528 
348 300 1
528 1 
348 300
528 
528 300 4
528 4 
528 300
528 
528 300 2
528 2 
528 300
528 
409 300 3
529 3 
409 300
529 
409 300 5
529 5 
409 300
529 
349 300 1
529 1 
349 300
529 
529 300 4
529 4 
529 300
529 
529 300 2
529 2 
529 300
529 
410 300 3
530 3 
410 300
530 
410 300 5
530 5 
410 300
530 
350 300 1
530 1 
350 300
530 
530 300 4
530 4 
530 300
530 
530 300 2
530 2 
530 300
530 
411 300 3
531 3 
411 300
531 
411 300 5
531 5 
411 300
531 
351 300 1
531 1 
351 300
531 
531 300 4
531 4 
531 300
531 
531 300 2
531 2 
531 300
531 
412 300 3
532 3 
412 300
532 
412 300 5
532 5 
412 300
532 
352 300 1
532 1 
352 300
532 
532 300 4
532 4 
532 300
532 
532 300 2
532 2 
532 300
532 
413 300 3
533 3 
413 300
533 
413 300 5
533 5 
413 300
533 
353 300 1
533 1 
353 300
533 
533 300 4
533 4 
533 300
533 
533 300 2
533 2 
533 300
533 
414 300 3
534 3 
414 300
534 
414 300 5
534 5 
414 300
534 
354 300 1
534 1 
354 300
534 
534 300 4
534 4 
534 300
534 
534 300 2
534 2 
534 300
534 
415 300 3
535 3 
415 300
535 
415 300 5
535 5 
415 300
535 
355 300 1
535 1 
355 300
535 
535 300 4
535 4 
535 300
535 
535 300 2
535 2 
535 300
535 
416 300 3
536 3 
416 300
536 
416 300 5
536 5 
416 300
536 
356 300 1
536 1 
356 300
536 
536 300 4
536 4 
536 300
536 
536 300 2
536 2 
536 300
536 
417 300 3
537 3 
417 300
537 
417 300 5
537 5 
417 300
537 
357 300 1
537 1 
357 300
537 
537 300 4
537 4 
537 300
537 
537 300 2
537 2 
537 300
537 
417 300 3
537 3 
417 300
537 
418 300 5
538 5 
418 300
538 
358 300 1
538 1 
358 300
538 
538 300 4
538 4 
538 300
538 
538 300 2
538 2 
538 300
538 
418 300 3
538 3 
418 300
538 
419 300 5
539 5 
419 300
539 
359 300 1
539 1 
359 300
539 
539 300 4
539 4 
539 300
539 
539 300 2
539 2 
539 300
539 
419 300 3
539 3 
419 300
539 
419 300 5
539 5 
419 300
539 
360 300 1
540 1 
360 300
540 
540 300 4
540 4 
540 300
540 
540 300 2
540 2 
540 300
540 
420 300 3
540 3 
420 300
540 
420 300 5
540 5 
420 300
540 
361 300 1
541 1 
361 300
541 
541 300 4
541 4 
541 300
541 
541 300 2
541 2 
541 300
541 
421 300 3
541 3 
421 300
541 
421 300 5
541 5 
421 300
541 
361 300 1
541 1 
361 300
541 
542 300 4
542 4 
542 300
542 
542 300 2
542 2 
542 300
542 
422 300 3
542 3 
422 300
542 
422 300 5
542 5 
422 300
542 
362 300 1
542 1 
362 300
542 
543 300 4
543 4 
543 300
543 
543 300 2
543 2 
543 300
543 
423 300 3
543 3 
423 300
543 
423 300 5
543 5 
423 300
543 
363 300 1
543 1 
363 300
543 
544 300 4
544 4 
544 300
544 
544 300 2
544 2 
544 300
544 
424 300 3
544 3 
424 300
544 
424 300 5
544 5 
424 300
544 
364 300 1
544 1 
364 300
544 
545 300 4
545 4 
545 300
545 
545 300 2
545 2 
545 300
545 
425 300 3
545 3 
425 300
545 
425 300 5
545 5 
425 300
545 
365 300 1
545 1 
365 300
545 
546 300 4
546 4 
546 300
546 
546 300 2
546 2 
546 300
546 
426 300 3
546 3 
426 300
546 
426 300 5
546 5 
426 300
546 
366 300 1
546 1 
366 300
546 
547 300 4
547 4 
547 300
547 
547 300 2
547 2 
547 300
547 
427 300 3
547 3 
427 300
547 
427 300 5
547 5 
427 300
547 
367 300 1
547 1 
367 300
547 
548 300 4
548 4 
548 300
548 
548 300 2
548 2 
548 300
548 
428 300 3
548 3 
428 300
548 
428 300 5
548 5 
428 300
548 
368 300 1
548 1 
368 300
548 
549 300 4
549 4 
549 300
549 
549 300 2
549 2 
549 300
549 
429 300 3
549 3 
429 300
549 
429 300 5
549 5 
429 300
549 
369 300 1
549 1 
369 300
549 
550 300 4
550 4 
550 300
550 
550 300 2
550 2 
550 300
550 
430 300 3
550 3 
430 300
550 
430 300 5
550 5 
430 300
550 
370 300 1
550 1 
370 300
550 
551 300 4
551 4 
551 300
551 
551 300 2
551 2 
551 300
551 
431 300 3
551 3 
431 300
551 
431 300 5
551 5 
431 300
551 
371 300 1
551 1 
371 300
551 
552 300 4
552 4 
552 300
552 
552 300 2
552 2 
552 300
552 
432 300 3
552 3 
432 300
552 
432 300 5
552 5 
432 300
552 
372 300 1
552 1 
372 300
552 
552 300 4
552 4 
552 300
552 
552 300 2
552 2 
552 300
552 
433 300 3
553 3 
433 300
553 
433 300 5
553 5 
433 300
553 
373 300 1
553 1 
373 300
553 
553 300 4
553 4 
553 300
553 
553 300 2
553 2 
553 300
553 
434 300 3
554 3 
434 300
554 
434 300 5
554 5 
434 300
554 
374 300 1
554 1 
374 300
554 
554 300 4
554 4 
554 300
554 
554 300 2
554 2 
554 300
554 
435 300 3
555 3 
435 300
555 
435 300 5
555 5 
435 300
555 
375 300 1
555 1 
375 300
555 
555 300 4
555 4 
555 300
555 
555 300 2
555 2 
555 300
555 
436 300 3
556 3 
436 300
556 
436 300 5
556 5 
436 300
556 
376 300 1
556 1 
376 300
556 
556 300 4
556 4 
556 300
556 
556 300 2
556 2 
556 300
556 
437 300 3
557 3 
437 300
557 
437 300 5
557 5 
437 300
557 
377 300 1
557 1 
377 300
557 
557 300 4
557 4 
557 300
557 
557 300 2
557 2 
557 300
557 
438 300 3
558 3 
438 300
558 
438 300 5
558 5 
438 300
558 
378 300 1
558 1 
378 300
558 
558 300 4
558 4 
558 300
558 
558 300 2
558 2 
558 300
558 
439 300 3
559 3 
439 300
559 
439 300 5
559 5 
439 300
559 
379 300 1
559 1 
379 300
559 
559 300 2
559 2 
559 300
559 
559 300 4
559 4 
559 300
559 
440 300 3
560 3 
440 300
560 
440 300 5
560 5 
440 300
560 
380 300 1
560 1 
380 300
560 
560 300 2
560 2 
560 300
560 
560 300 4
560 4 
560 300
560 
441 300 3
561 3 
441 300
561 
441 300 5
561 5 
441 300
561 
381 300 1
561 1 
381 300
561 
561 300 2
561 2 
561 300
561 
561 300 4
561 4 
561 300
561 
441 300 3
561 3 
441 300
561 
442 300 5
562 5 
442 300
562 
382 300 1
562 1 
382 300
562 
562 300 2
562 2 
562 300
562 
562 300 4
562 4 
562 300
562 
442 300 3
562 3 
442 300
562 
442 300 5
562 5 
442 300
562 
383 300 1
563 1 
383 300
563 
563 300 2
563 2 
563 300
563 
563 300 4
563 4 
563 300
563 
443 300 3
563 3 
443 300
563 
443 300 5
563 5 
443 300
563 
384 300 1
564 1 
384 300
564 
564 300 2
564 2 
564 300
564 
564 300 4
564 4 
564 300
564 
444 300 3
564 3 
444 300
564 
444 300 5
564 5 
444 300
564 
384 300 1
564 1 
385 300
565 
565 300 2
565 2 
565 300
565 
565 300 4
565 4 
565 300
565 
445 300 3
565 3 
445 300
565 
445 300 5
565 5 
445 300
565 
385 300 1
565 1 
385 300
565 
566 300 2
566 2 
566 300
566 
566 300 4
566 4 
566 300
566 
446 300 3
566 3 
446 300
566 
446 300 5
566 5 
446 300
566 
386 300 1
566 1 
386 300
566 
567 300 2
567 2 
567 300
567 
567 300 4
567 4 
567 300
567 
447 300 3
567 3 
447 300
567 
447 300 5
567 5 
447 300
567 
387 300 1
567 1 
387 300
567 
568 300 2
568 2 
568 300
568 
568 300 4
568 4 
568 300
568 
448 300 3
568 3 
448 300
568 
448 300 5
568 5 
448 300
568 
388 300 1
568 1 
388 300
568 
569 300 2
569 2 
569 300
569 
449 300 3
569 3 
449 300
569 
449 300 5
569 5 
449 300
569 
569 300 4
569 4 
569 300
569 
389 300 1
569 1 
389 300
569 
570 300 2
570 2 
570 300
570 
450 300 3
570 3 
450 300
570 
450 300 5
570 5 
450 300
570 
390 300 1
570 1 
390 300
570 
570 300 4
570 4 
570 300
570 
571 300 2
571 2 
571 300
571 
451 300 3
571 3 
451 300
571 
451 300 5
571 5 
451 300
571 
391 300 1
571 1 
391 300
571 
571 300 4
571 4 
571 300
571 
572 300 2
572 2 
572 300
572 
452 300 3
572 3 
452 300
572 
452 300 5
572 5 
452 300
572 
392 300 1
572 1 
392 300
572 
572 300 4
572 4 
572 300
572 
573 300 2
573 2 
573 300
573 
453 300 3
573 3 
453 300
573 
453 300 5
573 5 
453 300
573 
393 300 1
573 1 
393 300
573 
573 300 4
573 4 
573 300
573 
574 300 2
574 2 
574 300
574 
454 300 3
574 3 
454 300
574 
454 300 5
574 5 
454 300
574 
394 300 1
574 1 
394 300
574 
574 300 4
574 4 
574 300
574 
575 300 2
575 2 
575 300
575 
455 300 3
575 3 
455 300
575 
455 300 5
575 5 
455 300
575 
395 300 1
575 1 
395 300
575 
575 300 4
575 4 
575 300
575 
575 300 2
575 2 
575 300
575 
456 300 3
576 3 
456 300
576 
456 300 5
576 5 
456 300
576 
396 300 1
576 1 
396 300
576 
576 300 4
576 4 
576 300
576 
576 300 2
576 2 
576 300
576 
457 300 3
577 3 
457 300
577 
457 300 5
577 5 
457 300
577 
397 300 1
577 1 
397 300
577 
577 300 2
577 2 
577 300
577 
577 300 4
577 4 
577 300
577 
458 300 3
578 3 
458 300
578 
458 300 5
578 5 
458 300
578 
398 300 1
578 1 
398 300
578 
578 300 2
578 2 
578 300
578 
579 300 4
579 4 
579 300
579 
459 300 3
579 3 
459 300
579 
459 300 5
579 5 
459 300
579 
399 300 1
579 1 
399 300
579 
579 300 2
579 2 
579 300
579 
580 300 4
580 4 
580 300
580 
460 300 3
580 3 
460 300
580 
460 300 5
580 5 
460 300
580 
400 300 1
580 1 
400 300
580 
580 300 2
580 2 
580 300
580 
581 300 4
581 4 
581 300
581 
461 300 3
581 3 
461 300
581 
461 300 5
581 5 
461 300
581 
401 300 1
581 1 
401 300
581 
581 300 2
581 2 
581 300
581 
581 300 4
581 4 
581 300
581 
462 300 3
582 3 
462 300
582 
462 300 5
582 5 
462 300
582 
402 300 1
582 1 
402 300
582 
582 300 2
582 2 
582 300
582 
582 300 4
582 4 
582 300
582 
463 300 3
583 3 
463 300
583 
463 300 5
583 5 
463 300
583 
403 300 1
583 1 
403 300
583 
583 300 2
583 2 
583 300
583 
583 300 4
583 4 
583 300
583 
464 300 3
584 3 
464 300
584 
464 300 5
584 5 
464 300
584 
404 300 1
584 1 
404 300
584 
584 300 2
584 2 
584 300
584 
584 300 4
584 4 
584 300
584 
465 300 3
585 3 
465 300
585 
465 300 5
585 5 
465 300
585 
405 300 1
585 1 
405 300
585 
585 300 2
585 2 
585 300
585 
585 300 4
585 4 
585 300
585 
465 300 5
585 5 
465 300
585 
466 300 3
586 3 
466 300
586 
406 300 1
586 1 
406 300
586 
586 300 2
586 2 
586 300
586 
586 300 4
586 4 
586 300
586 
466 300 5
586 5 
466 300
586 
407 300 1
587 1 
407 300
587 
467 300 3
587 3 
467 300
587 
587 300 2
587 2 
587 300
587 
587 300 4
587 4 
587 300
587 
467 300 5
587 5 
467 300
587 
408 300 1
588 1 
408 300
588 
468 300 3
588 3 
468 300
588 
588 300 2
588 2 
588 300
588 
588 300 4
588 4 
588 300
588 
468 300 5
588 5 
468 300
588 
408 300 1
588 1 
408 300
588 
469 300 3
589 3 
469 300
589 
589 300 2
589 2 
589 300
589 
589 300 4
589 4 
589 300
589 
469 300 5
589 5 
469 300
589 
409 300 1
589 1 
409 300
589 
470 300 3
590 3 
470 300
590 
590 300 2
590 2 
590 300
590 
590 300 4
590 4 
590 300
590 
470 300 5
590 5 
470 300
590 
410 300 1
590 1 
410 300
590 
471 300 3
591 3 
471 300
591 
591 300 2
591 2 
591 300
591 
591 300 4
591 4 
591 300
591 
471 300 5
591 5 
471 300
591 
411 300 1
591 1 
411 300
591 
592 300 2
592 2 
592 300
592 
472 300 3
592 3 
472 300
592 
592 300 4
592 4 
592 300
592 
472 300 5
592 5 
472 300
592 
412 300 1
592 1 
412 300
592 
593 300 2
593 2 
593 300
593 
593 300 4
593 4 
593 300
593 
473 300 3
593 3 
473 300
593 
473 300 5
593 5 
473 300
593 
413 300 1
593 1 
413 300
593 
594 300 2
594 2 
594 300
594 
594 300 4
594 4 
594 300
594 
474 300 3
594 3 
474 300
594 
474 300 5
594 5 
474 300
594 
414 300 1
594 1 
414 300
594 
595 300 2
595 2 
595 300
595 
595 300 4
595 4 
595 300
595 
475 300 3
595 3 
475 300
595 
475 300 5
595 5 
475 300
595 
415 300 1
595 1 
415 300
595 
596 300 2
596 2 
596 300
596 
596 300 4
596 4 
596 300
596 
476 300 5
596 5 
476 300
596 
476 300 3
596 3 
476 300
596 
416 300 1
596 1 
416 300
596 
597 300 2
597 2 
597 300
597 
597 300 4
597 4 
597 300
597 
477 300 5
597 5 
477 300
597 
477 300 3
597 3 
477 300
597 
417 300 1
597 1 
417 300
597 
598 300 2
598 2 
598 300
598 
598 300 4
598 4 
598 300
598 
478 300 5
598 5 
478 300
598 
478 300 3
598 3 
478 300
598 
418 300 1
598 1 
418 300
598 
599 300 2
599 2 
599 300
599 
599 300 4
599 4 
599 300
599 
479 300 5
599 5 
479 300
599 
479 300 3
599 3 
479 300
599 
419 300 1
599 1 
419 300
599 
599 300 2
599 2 
599 300
599 
600 300 4
600 4 
600 300
600 
480 300 5
600 5 
480 300
600 
480 300 3
600 3 
480 300
600 
420 300 1
600 1 
420 300
600 
600 300 2
600 2 
600 300
600 
601 300 4
601 4 
601 300
601 
481 300 5
601 5 
481 300
601 
481 300 3
601 3 
481 300
601 
421 300 1
601 1 
421 300
601 
601 300 2
601 2 
601 300
601 
601 300 4
601 4 
601 300
601 
482 300 5
602 5 
482 300
602 
482 300 3
602 3 
482 300
602 
422 300 1
602 1 
422 300
602 
602 300 2
602 2 
602 300
602 
602 300 4
602 4 
602 300
602 
483 300 5
603 5 
483 300
603 
483 300 3
603 3 
483 300
603 
423 300 1
603 1 
423 300
603 
603 300 2
603 2 
603 300
603 
603 300 4
603 4 
603 300
603 
484 300 5
604 5 
484 300
604 
484 300 3
604 3 
484 300
604 
424 300 1
604 1 
424 300
604 
604 300 2
604 2 
604 300
604 
604 300 4
604 4 
604 300
604 
485 300 5
605 5 
485 300
605 
485 300 3
605 3 
485 300
605 
425 300 1
605 1 
425 300
605 
605 300 2
605 2 
605 300
605 
605 300 4
605 4 
605 300
605 
486 300 5
606 5 
486 300
606 
486 300 3
606 3 
486 300
606 
426 300 1
606 1 
426 300
606 
606 300 2
606 2 
606 300
606 
606 300 4
606 4 
606 300
606 
487 300 5
607 5 
487 300
607 
487 300 3
607 3 
487 300
607 
427 300 1
607 1 
427 300
607 
607 300 2
607 2 
607 300
607 
607 300 4
607 4 
607 300
607 
488 300 5
608 5 
488 300
608 
488 300 3
608 3 
488 300
608 
428 300 1
608 1 
428 300
608 
608 300 2
608 2 
608 300
608 
608 300 4
608 4 
608 300
608 
489 300 5
609 5 
489 300
609 
489 300 3
609 3 
489 300
609 
429 300 1
609 1 
429 300
609 
609 300 2
609 2 
609 300
609 
609 300 4
609 4 
609 300
609 
489 300 5
609 5 
489 300
609 
490 300 3
610 3 
490 300
610 
430 300 1
610 1 
430 300
610 
610 300 2
610 2 
610 300
610 
610 300 4
610 4 
610 300
610 
490 300 5
610 5 
490 300
610 
490 300 3
610 3 
490 300
610 
431 300 1
611 1 
431 300
611 
611 300 2
611 2 
611 300
611 
611 300 4
611 4 
611 300
611 
491 300 5
611 5 
491 300
611 
491 300 3
611 3 
491 300
611 
431 300 1
611 1 
431 300
611 
612 300 2
612 2 
612 300
612 
612 300 4
612 4 
612 300
612 
492 300 5
612 5 
492 300
612 
492 300 3
612 3 
492 300
612 
432 300 1
612 1 
432 300
612 
613 300 2
613 2 
613 300
613 
613 300 4
613 4 
613 300
613 
493 300 5
613 5 
493 300
613 
493 300 3
613 3 
493 300
613 
433 300 1
613 1 
433 300
613 
614 300 2
614 2 
614 300
614 
614 300 4
614 4 
614 300
614 
494 300 5
614 5 
494 300
614 
494 300 3
614 3 
494 300
614 
434 300 1
614 1 
434 300
614 
615 300 2
615 2 
615 300
615 
615 300 4
615 4 
615 300
615 
495 300 5
615 5 
495 300
615 
495 300 3
615 3 
495 300
615 
435 300 1
615 1 
435 300
615 
616 300 2
616 2 
616 300
616 
616 300 4
616 4 
616 300
616 
496 300 5
616 5 
496 300
616 
496 300 3
616 3 
496 300
616 
436 300 1
616 1 
436 300
616 
617 300 2
617 2 
617 300
617 
617 300 4
617 4 
617 300
617 
497 300 5
617 5 
497 300
617 
497 300 3
617 3 
497 300
617 
437 300 1
617 1 
437 300
617 
618 300 2
618 2 
618 300
618 
618 300 4
618 4 
618 300
618 
498 300 3
618 3 
498 300
618 
438 300 1
618 1 
438 300
618 
498 300 5
618 5 
498 300
618 
619 300 2
619 2 
619 300
619 
619 300 4
619 4 
619 300
619 
499 300 3
619 3 
499 300
619 
439 300 1
619 1 
439 300
619 
499 300 5
619 5 
499 300
619 
620 300 2
620 2 
620 300
620 
620 300 4
620 4 
620 300
620 
500 300 3
620 3 
500 300
620 
440 300 1
620 1 
440 300
620 
500 300 5
620 5 
500 300
620 
621 300 2
621 2 
621 300
621 
621 300 4
621 4 
621 300
621 
501 300 3
621 3 
501 300
621 
441 300 1
621 1 
441 300
621 
501 300 5
621 5 
501 300
621 
622 300 2
622 2 
622 300
622 
622 300 4
622 4 
622 300
622 
502 300 3
622 3 
502 300
622 
442 300 1
622 1 
442 300
622 
502 300 5
622 5 
502 300
622 
623 300 2
623 2 
623 300
623 
623 300 4
623 4 
623 300
623 
503 300 3
623 3 
503 300
623 
443 300 1
623 1 
443 300
623 
503 300 5
623 5 
503 300
623 
624 300 2
624 2 
624 300
624 
624 300 4
624 4 
624 300
624 
504 300 3
624 3 
504 300
624 
444 300 1
624 1 
444 300
624 
504 300 5
624 5 
504 300
624 
624 300 2
624 2 
624 300
624 
625 300 4
625 4 
625 300
625 
505 300 3
625 3 
505 300
625 
445 300 1
625 1 
445 300
625 
505 300 5
625 5 
505 300
625 
625 300 2
625 2 
625 300
625 
625 300 4
625 4 
625 300
625 
506 300 3
626 3 
506 300
626 
446 300 1
626 1 
446 300
626 
506 300 5
626 5 
506 300
626 
626 300 2
626 2 
626 300
626 
626 300 4
626 4 
626 300
626 
507 300 3
627 3 
507 300
627 
447 300 1
627 1 
447 300
627 
507 300 5
627 5 
507 300
627 
627 300 2
627 2 
627 300
627 
627 300 4
627 4 
627 300
627 
508 300 3
628 3 
508 300
628 
448 300 1
628 1 
448 300
628 
508 300 5
628 5 
508 300
628 
628 300 2
628 2 
628 300
628 
628 300 4
628 4 
628 300
628 
509 300 3
629 3 
509 300
629 
449 300 1
629 1 
449 300
629 
509 300 5
629 5 
509 300
629 
629 300 2
629 2 
629 300
629 
629 300 4
629 4 
629 300
629 
510 300 3
630 3 
510 300
630 
450 300 1
630 1 
450 300
630 
510 300 5
630 5 
510 300
630 
630 300 2
630 2 
630 300
630 
630 300 4
630 4 
630 300
630 
511 300 3
631 3 
511 300
631 
451 300 1
631 1 
451 300
631 
511 300 5
631 5 
511 300
631 
631 300 2
631 2 
631 300
631 
631 300 4
631 4 
631 300
631 
512 300 3
632 3 
512 300
632 
452 300 1
632 1 
452 300
632 
512 300 5
632 5 
512 300
632 
632 300 2
632 2 
632 300
632 
632 300 4
632 4 
632 300
632 
513 300 3
633 3 
513 300
633 
453 300 1
633 1 
453 300
633 
513 300 5
633 5 
513 300
633 
633 300 2
633 2 
633 300
633 
633 300 4
633 4 
633 300
633 
514 300 3
634 3 
514 300
634 
454 300 1
634 1 
454 300
634 
514 300 5
634 5 
514 300
634 
634 300 2
634 2 
634 300
634 
634 300 4
634 4 
634 300
634 
514 300 3
634 3 
514 300
634 
455 300 1
635 1 
455 300
635 
515 300 5
635 5 
515 300
635 
635 300 2
635 2 
635 300
635 
635 300 4
635 4 
635 300
635 
515 300 3
635 3 
515 300
635 
455 300 1
635 1 
455 300
636 
516 300 5
636 5 
516 300
636 
636 300 2
636 2 
636 300
636 
636 300 4
636 4 
636 300
636 
516 300 3
636 3 
516 300
636 
456 300 1
636 1 
456 300
636 
516 300 5
636 5 
516 300
636 
637 300 2
637 2 
637 300
637 
637 300 4
637 4 
637 300
637 
517 300 3
637 3 
517 300
637 
457 300 1
637 1 
457 300
637 
517 300 5
637 5 
517 300
637 
638 300 2
638 2 
638 300
638 
638 300 4
638 4 
638 300
638 
518 300 3
638 3 
518 300
638 
458 300 1
638 1 
458 300
638 
518 300 5
638 5 
518 300
638 
639 300 2
639 2 
639 300
639 
639 300 4
639 4 
639 300
639 
519 300 3
639 3 
519 300
639 
459 300 1
639 1 
459 300
639 
519 300 5
639 5 
519 300
639 
640 300 2
640 2 
640 300
640 
640 300 4
640 4 
640 300
640 
520 300 3
640 3 
520 300
640 
460 300 1
640 1 
460 300
640 
520 300 5
640 5 
520 300
640 
641 300 2
641 2 
641 300
641 
641 300 4
641 4 
641 300
641 
521 300 3
641 3 
521 300
641 
461 300 1
641 1 
461 300
641 
521 300 5
641 5 
521 300
641 
642 300 2
642 2 
642 300
642 
642 300 4
642 4 
642 300
642 
522 300 3
642 3 
522 300
642 
462 300 1
642 1 
462 300
642 
522 300 5
642 5 
522 300
642 
643 300 2
643 2 
643 300
643 
643 300 4
643 4 
643 300
643 
523 300 3
643 3 
523 300
643 
463 300 1
643 1 
523 300 5
643 5 
463 300
643 
523 300
643 
644 300 2
644 2 
644 300
644 
644 300 4
644 4 
644 300
644 
524 300 3
644 3 
524 300
644 
464 300 1
644 1 
464 300
644 
524 300 5
644 5 
524 300
644 
645 300 2
645 2 
645 300
645 
645 300 4
645 4 
645 300
645 
525 300 3
645 3 
525 300
645 
465 300 1
645 1 
465 300
645 
525 300 5
645 5 
525 300
645 
646 300 2
646 2 
646 300
646 
646 300 4
646 4 
646 300
646 
526 300 3
646 3 
526 300
646 
466 300 1
646 1 
466 300
646 
526 300 5
646 5 
526 300
646 
647 300 2
647 2 
647 300
647 
647 300 4
647 4 
647 300
647 
527 300 3
647 3 
527 300
647 
467 300 1
647 1 
467 300
647 
527 300 5
647 5 
527 300
647 
648 300 2
648 2 
648 300
648 
648 300 4
648 4 
648 300
648 
528 300 3
648 3 
528 300
648 
468 300 1
648 1 
468 300
648 
528 300 5
648 5 
528 300
648 
648 300 2
648 2 
648 300
648 
649 300 4
649 4 
649 300
649 
529 300 3
649 3 
529 300
649 
469 300 1
649 1 
469 300
649 
529 300 5
649 5 
529 300
649 
649 300 2
649 2 
649 300
649 
649 300 4
649 4 
649 300
649 
530 300 3
650 3 
530 300
650 
470 300 1
650 1 
470 300
650 
530 300 5
650 5 
530 300
650 
650 300 2
650 2 
650 300
650 
650 300 4
650 4 
650 300
650 
531 300 3
651 3 
531 300
651 
471 300 1
651 1 
471 300
651 
531 300 5
651 5 
531 300
651 
651 300 2
651 2 
651 300
651 
651 300 4
651 4 
651 300
651 
532 300 3
652 3 
532 300
652 
472 300 1
652 1 
472 300
652 
532 300 5
652 5 
532 300
652 
652 300 2
652 2 
652 300
652 
652 300 4
652 4 
652 300
652 
533 300 3
653 3 
533 300
653 
473 300 1
653 1 
473 300
653 
533 300 5
653 5 
533 300
653 
653 300 2
653 2 
653 300
653 
653 300 4
653 4 
653 300
653 
534 300 3
654 3 
534 300
654 
474 300 1
654 1 
474 300
654 
534 300 5
654 5 
534 300
654 
654 300 2
654 2 
654 300
654 
654 300 4
654 4 
654 300
654 
535 300 3
655 3 
535 300
655 
475 300 1
655 1 
475 300
655 
535 300 5
655 5 
535 300
655 
655 300 2
655 2 
655 300
655 
655 300 4
655 4 
655 300
655 
536 300 3
656 3 
536 300
656 
476 300 1
656 1 
476 300
656 
536 300 5
656 5 
536 300
656 
656 300 2
656 2 
656 300
656 
656 300 4
656 4 
656 300
656 
537 300 3
657 3 
537 300
657 
477 300 1
657 1 
477 300
657 
537 300 5
657 5 
537 300
657 
657 300 2
657 2 
657 300
657 
657 300 4
657 4 
657 300
657 
538 300 3
658 3 
538 300
658 
478 300 1
658 1 
478 300
658 
538 300 5
658 5 
538 300
658 
658 300 2
658 2 
658 300
658 
658 300 4
658 4 
658 300
658 
538 300 3
658 3 
538 300
658 
479 300 1
659 1 
479 300
659 
539 300 5
659 5 
539 300
659 
659 300 2
659 2 
659 300
659 
659 300 4
659 4 
659 300
659 
539 300 3
659 3 
539 300
659 
480 300 1
660 1 
480 300
660 
540 300 5
660 5 
540 300
660 
660 300 2
660 2 
660 300
660 
660 300 4
660 4 
660 300
660 
540 300 3
660 3 
540 300
660 
480 300 1
660 1 
480 300
660 
540 300 5
660 5 
540 300
660 
541 300 3
661 3 
541 300
661 
481 300 1
661 1 
481 300
661 
541 300 5
661 5 
541 300
661 
542 300 3
662 3 
542 300
662 
482 300 1
662 1 
482 300
662 
542 300 5
662 5 
542 300
662 
543 300 3
663 3 
543 300
663 
483 300 1
663 1 
483 300
663 
543 300 5
663 5 
543 300
663 
544 300 3
664 3 
544 300
664 
484 300 1
664 1 
484 300
664 
544 300 5
664 5 
544 300
664 
545 300 3
665 3 
545 300
665 
485 300 1
665 1 
485 300
665 
545 300 5
665 5 
545 300
665 
546 300 3
666 3 
546 300
666 
486 300 1
666 1 
486 300
666 
546 300 5
666 5 
546 300
666 
547 300 3
667 3 
547 300
667 
547 300 5
667 5 
547 300
667 
487 300 1
667 1 
487 300
667 
548 300 3
668 3 
548 300
668 
548 300 5
668 5 
548 300
668 
488 300 1
668 1 
488 300
668 
549 300 3
669 3 
549 300
669 
549 300 5
669 5 
549 300
669 
489 300 1
669 1 
489 300
669 
550 300 3
670 3 
550 300
670 
550 300 5
670 5 
550 300
670 
490 300 1
670 1 
490 300
670 
551 300 3
671 3 
551 300
671 
551 300 5
671 5 
551 300
671 
491 300 1
671 1 
491 300
671 
552 300 3
672 3 
552 300
672 
552 300 5
672 5 
552 300
672 
492 300 1
672 1 
492 300
672 
553 300 3
673 3 
553 300
673 
553 300 5
673 5 
553 300
673 
493 300 1
673 1 
493 300
673 
554 300 3
674 3 
554 300
674 
554 300 5
674 5 
554 300
674 
494 300 1
674 1 
494 300
674 
555 300 3
675 3 
555 300
675 
555 300 5
675 5 
555 300
675 
495 300 1
675 1 
495 300
675 
556 300 3
676 3 
556 300
676 
556 300 5
676 5 
556 300
676 
496 300 1
676 1 
496 300
676 
557 300 3
677 3 
557 300
677 
557 300 5
677 5 
557 300
677 
497 300 1
677 1 
497 300
677 
558 300 3
678 3 
558 300
678 
558 300 5
678 5 
558 300
678 
498 300 1
678 1 
498 300
678 
559 300 3
679 3 
559 300
679 
559 300 5
679 5 
559 300
679 
499 300 1
679 1 
499 300
679 
560 300 3
680 3 
560 300
680 
560 300 5
680 5 
560 300
680 
500 300 1
680 1 
500 300
680 
561 300 3
681 3 
561 300
681 
561 300 5
681 5 
561 300
681 
501 300 1
681 1 
501 300
681 
562 300 3
682 3 
562 300
682 
562 300 5
682 5 
562 300
682 
502 300 1
682 1 
502 300
682 
562 300 3
682 3 
562 300
682 
563 300 5
683 5 
563 300
683 
503 300 1
683 1 
503 300
683 
563 300 3
683 3 
563 300
683 
563 300 5
683 5 
563 300
683 
504 300 1
684 1 
504 300
684 
564 300 3
684 3 
564 300
684 
564 300 5
684 5 
564 300
684 
505 300 1
685 1 
505 300
685 
565 300 3
685 3 
565 300
685 
565 300 5
685 5 
565 300
685 
505 300 1
685 1 
505 300
685 
566 300 3
686 3 
566 300
686 
566 300 5
686 5 
566 300
686 
506 300 1
686 1 
506 300
686 
567 300 3
687 3 
567 300
687 
567 300 5
687 5 
567 300
687 
507 300 1
687 1 
507 300
687 
568 300 3
688 3 
568 300
688 
568 300 5
688 5 
568 300
688 
508 300 1
688 1 
508 300
688 
569 300 3
689 3 
569 300
689 
569 300 5
689 5 
569 300
689 
509 300 1
689 1 
509 300
689 
570 300 3
690 3 
570 300
690 
570 300 5
690 5 
570 300
690 
510 300 1
690 1 
510 300
690 
571 300 3
691 3 
571 300
691 
571 300 5
691 5 
571 300
691 
511 300 1
691 1 
511 300
691 
572 300 3
692 3 
572 300
692 
572 300 5
692 5 
572 300
692 
512 300 1
692 1 
512 300
692 
573 300 3
693 3 
573 300
693 
573 300 5
693 5 
573 300
693 
513 300 1
693 1 
513 300
693 
574 300 3
694 3 
574 300
694 
574 300 5
694 5 
574 300
694 
514 300 1
694 1 
514 300
694 
575 300 3
695 3 
575 300
695 
575 300 5
695 5 
575 300
695 
515 300 1
695 1 
515 300
695 
576 300 3
696 3 
576 300
696 
576 300 5
696 5 
576 300
696 
516 300 1
696 1 
516 300
696 
577 300 3
697 3 
577 300
697 
577 300 5
697 5 
577 300
697 
517 300 1
697 1 
517 300
697 
578 300 3
698 3 
578 300
698 
578 300 5
698 5 
578 300
698 
518 300 1
698 1 
518 300
698 
579 300 3
699 3 
579 300
699 
579 300 5
699 5 
579 300
699 
519 300 1
699 1 
519 300
699 
580 300 3
700 3 
580 300
700 
580 300 5
700 5 
580 300
700 
520 300 1
700 1 
520 300
700 
581 300 3
701 3 
581 300
701 
581 300 5
701 5 
581 300
701 
521 300 1
701 1 
521 300
701 
582 300 3
702 3 
582 300
702 
582 300 5
702 5 
582 300
702 
522 300 1
702 1 
522 300
702 
583 300 3
703 3 
583 300
703 
583 300 5
703 5 
583 300
703 
523 300 1
703 1 
523 300
703 
584 300 3
704 3 
584 300
704 
584 300 5
704 5 
584 300
704 
524 300 1
704 1 
524 300
704 
585 300 3
705 3 
585 300
705 
585 300 5
705 5 
585 300
705 
525 300 1
705 1 
525 300
705 
586 300 3
706 3 
586 300
706 
586 300 5
706 5 
586 300
706 
526 300 1
706 1 
526 300
706 
586 300 3
706 3 
586 300
706 
587 300 5
707 5 
587 300
707 
527 300 1
707 1 
527 300
707 
587 300 3
707 3 
587 300
707 
587 300 5
707 5 
587 300
707 
527 300 1
707 1 
527 300
707 
588 300 3
708 3 
588 300
708 
588 300 5
708 5 
588 300
708 
528 300 1
708 1 
528 300
708 
589 300 3
709 3 
589 300
709 
589 300 5
709 5 
589 300
709 
529 300 1
709 1 
529 300
709 
590 300 3
710 3 
590 300
710 
590 300 5
710 5 
590 300
710 
530 300 1
710 1 
530 300
710 
591 300 3
711 3 
591 300
711 
591 300 5
711 5 
591 300
711 
531 300 1
711 1 
531 300
711 
592 300 3
712 3 
592 300
712 
592 300 5
712 5 
592 300
712 
532 300 1
712 1 
532 300
712 
593 300 3
713 3 
593 300
713 
593 300 5
713 5 
593 300
713 
533 300 1
713 1 
533 300
713 
594 300 3
714 3 
594 300
714 
594 300 5
714 5 
594 300
714 
534 300 1
714 1 
534 300
714 
595 300 3
715 3 
595 300
715 
595 300 5
715 5 
595 300
715 
535 300 1
715 1 
535 300
715 
596 300 3
716 3 
596 300
716 
596 300 5
716 5 
596 300
716 
536 300 1
716 1 
536 300
716 
597 300 3
717 3 
597 300
717 
597 300 5
717 5 
597 300
717 
537 300 1
717 1 
537 300
717 
598 300 3
718 3 
598 300
718 
598 300 5
718 5 
598 300
718 
538 300 1
718 1 
538 300
718 
599 300 3
719 3 
599 300
719 
599 300 5
719 5 
599 300
719 
539 300 1
719 1 
539 300
719 
600 300 3
720 3 
600 300
720 
600 300 5
720 5 
600 300
720 
540 300 1
720 1 
540 300
720 
541 300 1
721 1 
541 300
721 
542 300 1
722 1 
542 300
722 
543 300 1
723 1 
543 300
723 
544 300 1
724 1 
544 300
724 
545 300 1
725 1 
545 300
725 
546 300 1
726 1 
546 300
726 
547 300 1
727 1 
547 300
727 
548 300 1
728 1 
548 300
728 
549 300 1
729 1 
549 300
729 
550 300 1
730 1 
550 300
730 
551 300 1
731 1 
551 300
731 
551 300 1
731 1 
551 300
731 
552 300 1
732 1 
552 300
732 
553 300 1
733 1 
553 300
733 
554 300 1
734 1 
554 300
734 
555 300 1
735 1 
555 300
735 
556 300 1
736 1 
556 300
736 
557 300 1
737 1 
557 300
737 
558 300 1
738 1 
558 300
738 
559 300 1
739 1 
559 300
739 
560 300 1
740 1 
560 300
740 
561 300 1
741 1 
561 300
741 
562 300 1
742 1 
562 300
742 
563 300 1
743 1 
563 300
743 
564 300 1
744 1 
564 300
744 
565 300 1
745 1 
565 300
745 
566 300 1
746 1 
566 300
746 
567 300 1
747 1 
567 300
747 
568 300 1
748 1 
568 300
748 
569 300 1
749 1 
569 300
749 
570 300 1
750 1 
570 300
750 
571 300 1
751 1 
571 300
751 
572 300 1
752 1 
572 300
752 
573 300 1
753 1 
573 300
753 
574 300 1
754 1 
574 300
754 
575 300 1
755 1 
575 300
755 
575 300 1
755 1 
575 300
755 
576 300 1
756 1 
576 300
756 
577 300 1
757 1 
577 300
757 
578 300 1
758 1 
578 300
758 
579 300 1
759 1 
579 300
759 
580 300 1
760 1 
580 300
760 
581 300 1
761 1 
581 300
761 
582 300 1
762 1 
582 300
762 
583 300 1
763 1 
583 300
763 
584 300 1
764 1 
584 300
764 
585 300 1
765 1 
585 300
765 
586 300 1
766 1 
586 300
766 
587 300 1
767 1 
587 300
767 
588 300 1
768 1 
588 300
768 
589 300 1
769 1 
589 300
769 
590 300 1
770 1 
590 300
770 
591 300 1
771 1 
591 300
771 
592 300 1
772 1 
592 300
772 
593 300 1
773 1 
593 300
773 
594 300 1
774 1 
594 300
774 
595 300 1
775 1 
595 300
775 
596 300 1
776 1 
596 300
776 
597 300 1
777 1 
597 300
777 
598 300 1
778 1 
598 300
778 
598 300 1
778 1 
598 300
778 
599 300 1
779 1 
599 300
779 
600 300 1
780 1 
600 300
780 
